frame, face_id, timestamp, confidence, success, gaze_0_x, gaze_0_y, gaze_0_z, gaze_1_x, gaze_1_y, gaze_1_z, gaze_angle_x, gaze_angle_y, eye_lmk_x_0, eye_lmk_x_1, eye_lmk_x_2, eye_lmk_x_3, eye_lmk_x_4, eye_lmk_x_5, eye_lmk_x_6, eye_lmk_x_7, eye_lmk_x_8, eye_lmk_x_9, eye_lmk_x_10, eye_lmk_x_11, eye_lmk_x_12, eye_lmk_x_13, eye_lmk_x_14, eye_lmk_x_15, eye_lmk_x_16, eye_lmk_x_17, eye_lmk_x_18, eye_lmk_x_19, eye_lmk_x_20, eye_lmk_x_21, eye_lmk_x_22, eye_lmk_x_23, eye_lmk_x_24, eye_lmk_x_25, eye_lmk_x_26, eye_lmk_x_27, eye_lmk_x_28, eye_lmk_x_29, eye_lmk_x_30, eye_lmk_x_31, eye_lmk_x_32, eye_lmk_x_33, eye_lmk_x_34, eye_lmk_x_35, eye_lmk_x_36, eye_lmk_x_37, eye_lmk_x_38, eye_lmk_x_39, eye_lmk_x_40, eye_lmk_x_41, eye_lmk_x_42, eye_lmk_x_43, eye_lmk_x_44, eye_lmk_x_45, eye_lmk_x_46, eye_lmk_x_47, eye_lmk_x_48, eye_lmk_x_49, eye_lmk_x_50, eye_lmk_x_51, eye_lmk_x_52, eye_lmk_x_53, eye_lmk_x_54, eye_lmk_x_55, eye_lmk_y_0, eye_lmk_y_1, eye_lmk_y_2, eye_lmk_y_3, eye_lmk_y_4, eye_lmk_y_5, eye_lmk_y_6, eye_lmk_y_7, eye_lmk_y_8, eye_lmk_y_9, eye_lmk_y_10, eye_lmk_y_11, eye_lmk_y_12, eye_lmk_y_13, eye_lmk_y_14, eye_lmk_y_15, eye_lmk_y_16, eye_lmk_y_17, eye_lmk_y_18, eye_lmk_y_19, eye_lmk_y_20, eye_lmk_y_21, eye_lmk_y_22, eye_lmk_y_23, eye_lmk_y_24, eye_lmk_y_25, eye_lmk_y_26, eye_lmk_y_27, eye_lmk_y_28, eye_lmk_y_29, eye_lmk_y_30, eye_lmk_y_31, eye_lmk_y_32, eye_lmk_y_33, eye_lmk_y_34, eye_lmk_y_35, eye_lmk_y_36, eye_lmk_y_37, eye_lmk_y_38, eye_lmk_y_39, eye_lmk_y_40, eye_lmk_y_41, eye_lmk_y_42, eye_lmk_y_43, eye_lmk_y_44, eye_lmk_y_45, eye_lmk_y_46, eye_lmk_y_47, eye_lmk_y_48, eye_lmk_y_49, eye_lmk_y_50, eye_lmk_y_51, eye_lmk_y_52, eye_lmk_y_53, eye_lmk_y_54, eye_lmk_y_55, eye_lmk_X_0, eye_lmk_X_1, eye_lmk_X_2, eye_lmk_X_3, eye_lmk_X_4, eye_lmk_X_5, eye_lmk_X_6, eye_lmk_X_7, eye_lmk_X_8, eye_lmk_X_9, eye_lmk_X_10, eye_lmk_X_11, eye_lmk_X_12, eye_lmk_X_13, eye_lmk_X_14, eye_lmk_X_15, eye_lmk_X_16, eye_lmk_X_17, eye_lmk_X_18, eye_lmk_X_19, eye_lmk_X_20, eye_lmk_X_21, eye_lmk_X_22, eye_lmk_X_23, eye_lmk_X_24, eye_lmk_X_25, eye_lmk_X_26, eye_lmk_X_27, eye_lmk_X_28, eye_lmk_X_29, eye_lmk_X_30, eye_lmk_X_31, eye_lmk_X_32, eye_lmk_X_33, eye_lmk_X_34, eye_lmk_X_35, eye_lmk_X_36, eye_lmk_X_37, eye_lmk_X_38, eye_lmk_X_39, eye_lmk_X_40, eye_lmk_X_41, eye_lmk_X_42, eye_lmk_X_43, eye_lmk_X_44, eye_lmk_X_45, eye_lmk_X_46, eye_lmk_X_47, eye_lmk_X_48, eye_lmk_X_49, eye_lmk_X_50, eye_lmk_X_51, eye_lmk_X_52, eye_lmk_X_53, eye_lmk_X_54, eye_lmk_X_55, eye_lmk_Y_0, eye_lmk_Y_1, eye_lmk_Y_2, eye_lmk_Y_3, eye_lmk_Y_4, eye_lmk_Y_5, eye_lmk_Y_6, eye_lmk_Y_7, eye_lmk_Y_8, eye_lmk_Y_9, eye_lmk_Y_10, eye_lmk_Y_11, eye_lmk_Y_12, eye_lmk_Y_13, eye_lmk_Y_14, eye_lmk_Y_15, eye_lmk_Y_16, eye_lmk_Y_17, eye_lmk_Y_18, eye_lmk_Y_19, eye_lmk_Y_20, eye_lmk_Y_21, eye_lmk_Y_22, eye_lmk_Y_23, eye_lmk_Y_24, eye_lmk_Y_25, eye_lmk_Y_26, eye_lmk_Y_27, eye_lmk_Y_28, eye_lmk_Y_29, eye_lmk_Y_30, eye_lmk_Y_31, eye_lmk_Y_32, eye_lmk_Y_33, eye_lmk_Y_34, eye_lmk_Y_35, eye_lmk_Y_36, eye_lmk_Y_37, eye_lmk_Y_38, eye_lmk_Y_39, eye_lmk_Y_40, eye_lmk_Y_41, eye_lmk_Y_42, eye_lmk_Y_43, eye_lmk_Y_44, eye_lmk_Y_45, eye_lmk_Y_46, eye_lmk_Y_47, eye_lmk_Y_48, eye_lmk_Y_49, eye_lmk_Y_50, eye_lmk_Y_51, eye_lmk_Y_52, eye_lmk_Y_53, eye_lmk_Y_54, eye_lmk_Y_55, eye_lmk_Z_0, eye_lmk_Z_1, eye_lmk_Z_2, eye_lmk_Z_3, eye_lmk_Z_4, eye_lmk_Z_5, eye_lmk_Z_6, eye_lmk_Z_7, eye_lmk_Z_8, eye_lmk_Z_9, eye_lmk_Z_10, eye_lmk_Z_11, eye_lmk_Z_12, eye_lmk_Z_13, eye_lmk_Z_14, eye_lmk_Z_15, eye_lmk_Z_16, eye_lmk_Z_17, eye_lmk_Z_18, eye_lmk_Z_19, eye_lmk_Z_20, eye_lmk_Z_21, eye_lmk_Z_22, eye_lmk_Z_23, eye_lmk_Z_24, eye_lmk_Z_25, eye_lmk_Z_26, eye_lmk_Z_27, eye_lmk_Z_28, eye_lmk_Z_29, eye_lmk_Z_30, eye_lmk_Z_31, eye_lmk_Z_32, eye_lmk_Z_33, eye_lmk_Z_34, eye_lmk_Z_35, eye_lmk_Z_36, eye_lmk_Z_37, eye_lmk_Z_38, eye_lmk_Z_39, eye_lmk_Z_40, eye_lmk_Z_41, eye_lmk_Z_42, eye_lmk_Z_43, eye_lmk_Z_44, eye_lmk_Z_45, eye_lmk_Z_46, eye_lmk_Z_47, eye_lmk_Z_48, eye_lmk_Z_49, eye_lmk_Z_50, eye_lmk_Z_51, eye_lmk_Z_52, eye_lmk_Z_53, eye_lmk_Z_54, eye_lmk_Z_55, pose_Tx, pose_Ty, pose_Tz, pose_Rx, pose_Ry, pose_Rz, x_0, x_1, x_2, x_3, x_4, x_5, x_6, x_7, x_8, x_9, x_10, x_11, x_12, x_13, x_14, x_15, x_16, x_17, x_18, x_19, x_20, x_21, x_22, x_23, x_24, x_25, x_26, x_27, x_28, x_29, x_30, x_31, x_32, x_33, x_34, x_35, x_36, x_37, x_38, x_39, x_40, x_41, x_42, x_43, x_44, x_45, x_46, x_47, x_48, x_49, x_50, x_51, x_52, x_53, x_54, x_55, x_56, x_57, x_58, x_59, x_60, x_61, x_62, x_63, x_64, x_65, x_66, x_67, y_0, y_1, y_2, y_3, y_4, y_5, y_6, y_7, y_8, y_9, y_10, y_11, y_12, y_13, y_14, y_15, y_16, y_17, y_18, y_19, y_20, y_21, y_22, y_23, y_24, y_25, y_26, y_27, y_28, y_29, y_30, y_31, y_32, y_33, y_34, y_35, y_36, y_37, y_38, y_39, y_40, y_41, y_42, y_43, y_44, y_45, y_46, y_47, y_48, y_49, y_50, y_51, y_52, y_53, y_54, y_55, y_56, y_57, y_58, y_59, y_60, y_61, y_62, y_63, y_64, y_65, y_66, y_67, X_0, X_1, X_2, X_3, X_4, X_5, X_6, X_7, X_8, X_9, X_10, X_11, X_12, X_13, X_14, X_15, X_16, X_17, X_18, X_19, X_20, X_21, X_22, X_23, X_24, X_25, X_26, X_27, X_28, X_29, X_30, X_31, X_32, X_33, X_34, X_35, X_36, X_37, X_38, X_39, X_40, X_41, X_42, X_43, X_44, X_45, X_46, X_47, X_48, X_49, X_50, X_51, X_52, X_53, X_54, X_55, X_56, X_57, X_58, X_59, X_60, X_61, X_62, X_63, X_64, X_65, X_66, X_67, Y_0, Y_1, Y_2, Y_3, Y_4, Y_5, Y_6, Y_7, Y_8, Y_9, Y_10, Y_11, Y_12, Y_13, Y_14, Y_15, Y_16, Y_17, Y_18, Y_19, Y_20, Y_21, Y_22, Y_23, Y_24, Y_25, Y_26, Y_27, Y_28, Y_29, Y_30, Y_31, Y_32, Y_33, Y_34, Y_35, Y_36, Y_37, Y_38, Y_39, Y_40, Y_41, Y_42, Y_43, Y_44, Y_45, Y_46, Y_47, Y_48, Y_49, Y_50, Y_51, Y_52, Y_53, Y_54, Y_55, Y_56, Y_57, Y_58, Y_59, Y_60, Y_61, Y_62, Y_63, Y_64, Y_65, Y_66, Y_67, Z_0, Z_1, Z_2, Z_3, Z_4, Z_5, Z_6, Z_7, Z_8, Z_9, Z_10, Z_11, Z_12, Z_13, Z_14, Z_15, Z_16, Z_17, Z_18, Z_19, Z_20, Z_21, Z_22, Z_23, Z_24, Z_25, Z_26, Z_27, Z_28, Z_29, Z_30, Z_31, Z_32, Z_33, Z_34, Z_35, Z_36, Z_37, Z_38, Z_39, Z_40, Z_41, Z_42, Z_43, Z_44, Z_45, Z_46, Z_47, Z_48, Z_49, Z_50, Z_51, Z_52, Z_53, Z_54, Z_55, Z_56, Z_57, Z_58, Z_59, Z_60, Z_61, Z_62, Z_63, Z_64, Z_65, Z_66, Z_67, p_scale, p_rx, p_ry, p_rz, p_tx, p_ty, p_0, p_1, p_2, p_3, p_4, p_5, p_6, p_7, p_8, p_9, p_10, p_11, p_12, p_13, p_14, p_15, p_16, p_17, p_18, p_19, p_20, p_21, p_22, p_23, p_24, p_25, p_26, p_27, p_28, p_29, p_30, p_31, p_32, p_33, AU01_r, AU02_r, AU04_r, AU05_r, AU06_r, AU07_r, AU09_r, AU10_r, AU12_r, AU14_r, AU15_r, AU17_r, AU20_r, AU23_r, AU25_r, AU26_r, AU45_r, AU01_c, AU02_c, AU04_c, AU05_c, AU06_c, AU07_c, AU09_c, AU10_c, AU12_c, AU14_c, AU15_c, AU17_c, AU20_c, AU23_c, AU25_c, AU26_c, AU28_c, AU45_c
1,  0,  0.000,  0.98,  1,  0.037820,  -0.086018,  -0.995575,  -0.145085,  0.010941,  -0.989359,  -0.054,  -0.038,  560.4,  565.2,  576.6,  587.9,  592.5,  588.6,  576.3,  565.0,  548.7,  554.9,  564.2,  576.6,  589.1,  598.4,  604.5,  597.3,  586.3,  574.1,  563.5,  554.5,  571.7,  576.7,  581.6,  583.7,  581.7,  576.8,  571.8,  569.7,  717.0,  721.6,  733.8,  746.6,  752.5,  748.0,  735.7,  722.0,  708.5,  715.2,  725.0,  738.2,  750.6,  759.9,  766.5,  760.0,  751.4,  740.7,  728.4,  717.1,  728.4,  735.0,  741.3,  743.7,  740.6,  734.0,  727.7,  725.4,  340.4,  329.5,  324.7,  328.9,  339.6,  351.6,  355.4,  351.2,  348.0,  340.9,  336.4,  333.8,  335.5,  339.9,  346.2,  350.3,  351.5,  352.6,  352.7,  351.5,  345.7,  347.5,  345.4,  340.6,  335.9,  334.1,  336.2,  341.0,  342.4,  329.6,  324.0,  328.8,  341.2,  353.9,  359.5,  355.8,  347.2,  339.4,  334.8,  333.3,  335.7,  339.9,  346.6,  349.2,  350.6,  351.1,  350.6,  349.8,  349.0,  351.5,  348.6,  342.1,  335.7,  333.2,  336.1,  342.6,  -30.0,  -28.3,  -24.0,  -19.7,  -17.8,  -19.2,  -23.8,  -28.1,  -34.8,  -32.2,  -28.5,  -23.8,  -19.1,  -15.7,  -13.4,  -16.0,  -20.1,  -24.6,  -28.7,  -32.3,  -25.7,  -23.8,  -22.0,  -21.2,  -22.0,  -23.9,  -25.8,  -26.5,  27.3,  29.0,  33.4,  38.0,  40.0,  38.2,  33.8,  29.0,  24.3,  26.6,  30.0,  34.7,  39.2,  42.8,  45.5,  42.8,  39.4,  35.4,  31.1,  27.2,  31.4,  33.7,  36.0,  36.9,  35.9,  33.5,  31.2,  30.3,  -7.4,  -11.6,  -13.4,  -11.7,  -7.7,  -3.2,  -1.7,  -3.3,  -4.6,  -7.2,  -8.9,  -9.8,  -9.2,  -7.6,  -5.2,  -3.7,  -3.2,  -2.8,  -2.7,  -3.2,  -5.4,  -4.7,  -5.5,  -7.3,  -9.1,  -9.8,  -9.0,  -7.2,  -6.2,  -10.8,  -12.8,  -11.1,  -6.7,  -2.2,  -0.2,  -1.5,  -4.5,  -7.3,  -8.9,  -9.4,  -8.6,  -7.2,  -4.8,  -3.8,  -3.3,  -3.1,  -3.3,  -3.6,  -3.9,  -3.0,  -4.0,  -6.4,  -8.7,  -9.5,  -8.5,  -6.2,  329.9,  331.2,  331.3,  330.3,  328.6,  327.5,  327.2,  328.2,  333.2,  331.4,  329.5,  328.6,  328.8,  329.5,  330.3,  328.4,  326.8,  326.7,  328.2,  330.7,  329.6,  329.1,  329.2,  329.7,  330.5,  330.9,  330.9,  330.3,  309.5,  310.7,  311.6,  311.7,  310.9,  309.8,  308.9,  309.0,  310.0,  309.4,  309.0,  309.1,  310.3,  312.5,  314.5,  312.1,  309.6,  307.8,  307.6,  308.7,  310.3,  310.4,  310.8,  311.5,  311.9,  311.8,  311.3,  310.7,  6.7,  30.0,  343.4,  -0.214,  0.015,  0.011,  473.3,  473.0,  476.8,  484.9,  501.3,  529.2,  565.7,  608.5,  655.8,  701.7,  742.1,  778.1,  806.8,  823.9,  831.5,  836.7,  839.1,  509.4,  529.1,  558.0,  588.8,  618.3,  696.4,  728.8,  758.9,  786.9,  805.6,  657.3,  658.0,  658.5,  658.8,  623.5,  640.8,  658.0,  675.5,  691.7,  545.5,  564.7,  587.8,  606.7,  587.3,  564.7,  707.2,  726.0,  749.1,  767.5,  750.5,  728.4,  592.3,  617.6,  641.5,  658.6,  677.3,  702.4,  724.5,  703.2,  679.3,  659.1,  640.5,  617.1,  603.9,  640.7,  658.2,  677.2,  714.2,  677.1,  658.0,  640.4,  368.6,  414.5,  460.5,  504.5,  543.2,  576.2,  599.9,  618.8,  625.9,  624.5,  611.7,  590.4,  558.4,  514.7,  464.3,  412.1,  360.9,  320.6,  297.9,  288.1,  288.8,  294.0,  293.2,  285.8,  286.0,  295.9,  317.1,  333.6,  359.8,  385.8,  413.0,  442.8,  447.8,  451.8,  447.9,  443.9,  348.3,  335.8,  334.9,  346.8,  352.2,  353.3,  346.4,  333.7,  335.1,  346.5,  351.8,  351.3,  512.3,  492.6,  484.1,  488.2,  484.2,  494.7,  512.0,  526.4,  530.9,  531.6,  530.0,  524.5,  511.3,  503.2,  504.2,  502.8,  511.1,  506.7,  507.3,  505.8,  -76.3,  -76.2,  -74.3,  -70.3,  -61.6,  -47.8,  -30.7,  -12.5,  6.2,  24.8,  42.9,  60.2,  74.6,  83.0,  86.4,  88.5,  89.9,  -55.3,  -46.3,  -33.9,  -20.8,  -8.7,  22.6,  36.0,  48.8,  60.6,  68.7,  6.8,  7.0,  7.0,  7.0,  -6.4,  0.3,  6.8,  13.5,  19.8,  -39.1,  -30.9,  -21.4,  -13.6,  -21.5,  -30.8,  27.4,  35.0,  44.5,  52.3,  45.0,  35.9,  -18.8,  -8.6,  0.6,  7.0,  14.0,  24.0,  33.3,  24.1,  14.7,  7.1,  0.2,  -8.7,  -14.2,  0.3,  6.9,  14.1,  29.0,  14.0,  6.8,  0.1,  3.9,  24.9,  45.8,  65.5,  81.4,  93.3,  99.1,  102.5,  104.3,  106.2,  105.8,  100.5,  88.7,  69.8,  47.1,  23.5,  0.4,  -16.7,  -26.0,  -29.7,  -29.0,  -26.5,  -26.8,  -30.1,  -30.4,  -26.4,  -17.8,  -10.4,  -0.1,  9.8,  19.6,  31.8,  33.5,  34.8,  33.5,  32.2,  -4.8,  -9.9,  -10.3,  -5.4,  -3.2,  -2.8,  -5.5,  -10.7,  -10.1,  -5.5,  -3.3,  -3.5,  60.2,  50.7,  46.9,  48.2,  46.8,  51.7,  60.0,  63.6,  64.0,  64.0,  63.7,  62.8,  59.4,  54.3,  54.5,  54.0,  59.1,  55.3,  55.4,  55.1,  400.7,  399.1,  398.7,  396.4,  389.0,  377.6,  361.4,  346.5,  343.3,  351.4,  367.9,  381.7,  391.1,  394.9,  394.6,  393.6,  395.1,  370.5,  365.5,  361.3,  356.3,  351.2,  350.9,  355.1,  359.0,  360.8,  363.2,  346.0,  338.6,  330.8,  323.3,  335.8,  333.6,  332.0,  333.6,  335.5,  361.6,  359.4,  358.1,  357.2,  356.5,  357.9,  356.3,  356.0,  356.9,  359.2,  355.9,  355.1,  345.7,  334.7,  330.6,  329.2,  329.7,  335.9,  345.1,  334.2,  327.6,  326.6,  328.0,  334.1,  343.4,  331.6,  330.5,  330.8,  342.2,  329.7,  329.1,  330.7,  2.474,  -0.084,  0.005,  0.008,  657.342,  438.869,  -6.406,  -4.350,  -18.929,  -11.166,  -10.520,  -0.226,  -0.672,  1.894,  5.107,  -3.953,  -7.142,  -4.985,  8.910,  -5.487,  0.565,  2.282,  1.143,  -1.520,  0.135,  -3.427,  -0.094,  0.202,  0.444,  0.603,  -0.330,  0.488,  -0.071,  -0.456,  -0.419,  -0.558,  0.384,  -0.777,  0.020,  0.472, 0.00, 0.00, 0.00, 0.00, 0.00, 0.26, 0.00, 0.00, 0.00, 0.00, 0.32, 0.43, 0.35, 0.53, 0.01, 0.00, 0.00, 0.00, 0.00, 0.00, 1.00, 0.00, 0.00, 0.00, 0.00, 0.00, 0.00, 0.00, 0.00, 1.00, 0.00, 0.00, 0.00, 0.00, 0.00
2,  0,  0.033,  0.98,  1,  0.045745,  -0.073883,  -0.996217,  -0.144515,  0.020136,  -0.989298,  -0.050,  -0.027,  560.9,  565.7,  577.2,  588.7,  593.4,  589.5,  577.1,  565.6,  548.9,  555.3,  564.7,  577.1,  589.7,  599.0,  605.2,  597.9,  586.9,  574.7,  564.0,  555.0,  572.1,  577.4,  582.7,  584.9,  582.7,  577.4,  572.2,  570.0,  717.4,  722.0,  734.4,  747.2,  753.0,  748.3,  736.0,  722.2,  708.8,  715.7,  725.6,  738.7,  751.0,  760.2,  766.6,  760.2,  751.8,  741.3,  728.9,  717.5,  728.6,  735.3,  741.7,  744.0,  741.0,  734.4,  728.0,  725.6,  340.8,  329.7,  324.8,  329.0,  339.8,  351.9,  355.8,  351.6,  348.3,  341.1,  336.5,  333.8,  335.4,  339.8,  346.2,  350.2,  351.5,  352.5,  352.7,  351.6,  346.3,  348.2,  346.0,  340.9,  336.0,  334.1,  336.3,  341.4,  342.3,  329.6,  324.2,  329.2,  341.7,  354.5,  359.9,  355.9,  347.2,  339.3,  334.7,  333.2,  335.6,  340.0,  346.7,  349.2,  350.5,  351.0,  350.5,  349.7,  349.3,  351.9,  349.1,  342.5,  336.0,  333.4,  336.2,  342.8,  -29.5,  -27.9,  -23.6,  -19.2,  -17.3,  -18.7,  -23.3,  -27.6,  -34.4,  -31.8,  -28.1,  -23.4,  -18.7,  -15.3,  -13.0,  -15.6,  -19.7,  -24.1,  -28.2,  -31.8,  -25.3,  -23.3,  -21.4,  -20.6,  -21.4,  -23.5,  -25.4,  -26.2,  27.2,  29.0,  33.5,  38.0,  40.0,  38.2,  33.7,  28.9,  24.2,  26.6,  30.1,  34.7,  39.2,  42.8,  45.4,  42.7,  39.4,  35.5,  31.1,  27.2,  31.3,  33.6,  36.0,  36.9,  35.9,  33.5,  31.2,  30.3,  -7.2,  -11.3,  -13.2,  -11.6,  -7.5,  -3.0,  -1.6,  -3.1,  -4.4,  -7.1,  -8.8,  -9.7,  -9.1,  -7.5,  -5.1,  -3.6,  -3.2,  -2.8,  -2.7,  -3.1,  -5.1,  -4.4,  -5.2,  -7.1,  -9.0,  -9.7,  -8.9,  -7.0,  -6.2,  -10.7,  -12.7,  -10.9,  -6.5,  -2.0,  -0.0,  -1.4,  -4.5,  -7.3,  -8.9,  -9.4,  -8.6,  -7.1,  -4.8,  -3.8,  -3.3,  -3.2,  -3.3,  -3.6,  -3.8,  -2.9,  -3.9,  -6.2,  -8.5,  -9.4,  -8.4,  -6.1,  326.8,  328.1,  328.3,  327.2,  325.5,  324.3,  324.0,  325.1,  330.0,  328.2,  326.4,  325.5,  325.7,  326.4,  327.1,  325.2,  323.6,  323.4,  325.0,  327.4,  326.4,  325.9,  326.0,  326.7,  327.4,  327.9,  327.8,  327.2,  307.9,  309.1,  310.2,  310.4,  309.7,  308.5,  307.4,  307.4,  308.2,  307.7,  307.5,  307.8,  309.2,  311.4,  313.5,  311.0,  308.3,  306.4,  306.1,  307.0,  308.8,  308.9,  309.5,  310.2,  310.5,  310.4,  309.9,  309.2,  6.7,  30.0,  343.7,  -0.215,  0.015,  0.012,  472.0,  472.1,  476.4,  484.8,  501.2,  528.7,  565.1,  608.5,  656.4,  702.3,  742.5,  778.0,  806.4,  823.3,  831.2,  837.1,  840.2,  509.4,  529.6,  557.8,  587.9,  617.2,  697.6,  730.0,  759.7,  787.5,  806.8,  657.3,  658.1,  658.6,  659.0,  623.7,  641.0,  658.3,  675.7,  691.9,  545.7,  565.1,  588.3,  607.3,  587.9,  565.2,  707.3,  726.3,  749.5,  768.1,  750.9,  728.7,  591.7,  617.3,  641.5,  658.6,  677.1,  702.9,  725.5,  703.8,  679.4,  659.4,  640.7,  616.8,  603.4,  640.7,  658.2,  677.0,  715.2,  677.0,  658.1,  640.5,  370.2,  415.5,  460.7,  503.7,  541.5,  574.5,  598.6,  618.0,  625.6,  624.6,  612.9,  591.7,  559.2,  515.1,  464.4,  411.9,  360.4,  319.7,  297.9,  288.7,  289.0,  293.3,  292.6,  285.9,  286.3,  295.9,  316.1,  333.0,  359.7,  386.2,  413.7,  442.7,  447.9,  452.1,  447.9,  443.9,  348.3,  335.9,  334.9,  346.6,  352.1,  353.2,  346.3,  333.8,  335.2,  346.6,  351.9,  351.3,  511.7,  492.0,  483.6,  487.6,  483.7,  494.1,  511.5,  526.8,  531.5,  532.1,  530.5,  524.7,  510.8,  502.8,  503.8,  502.4,  510.7,  506.7,  507.2,  505.6,  -77.0,  -76.5,  -74.4,  -70.1,  -61.5,  -47.9,  -30.9,  -12.5,  6.4,  25.0,  43.2,  60.2,  74.4,  82.7,  86.2,  88.6,  90.4,  -55.3,  -46.1,  -34.0,  -21.2,  -9.2,  23.1,  36.6,  49.2,  60.8,  69.2,  6.8,  7.0,  7.1,  7.0,  -6.3,  0.4,  6.9,  13.6,  19.9,  -39.0,  -30.8,  -21.2,  -13.4,  -21.3,  -30.7,  27.4,  35.1,  44.7,  52.6,  45.1,  36.0,  -19.1,  -8.7,  0.6,  7.0,  14.0,  24.2,  33.7,  24.4,  14.7,  7.2,  0.3,  -8.9,  -14.4,  0.3,  6.9,  14.0,  29.4,  13.9,  6.8,  0.2,  4.7,  25.3,  45.8,  64.9,  80.5,  92.5,  98.5,  102.1,  104.2,  106.3,  106.5,  101.2,  89.1,  70.0,  47.0,  23.3,  0.2,  -17.1,  -25.9,  -29.5,  -28.9,  -26.8,  -27.0,  -30.1,  -30.3,  -26.4,  -18.2,  -10.7,  -0.1,  9.9,  19.9,  31.8,  33.5,  35.0,  33.6,  32.2,  -4.8,  -9.9,  -10.3,  -5.5,  -3.2,  -2.8,  -5.6,  -10.7,  -10.1,  -5.5,  -3.3,  -3.5,  60.1,  50.6,  46.8,  48.1,  46.6,  51.5,  59.8,  63.7,  64.2,  64.3,  64.0,  63.0,  59.4,  54.2,  54.4,  53.9,  59.0,  55.3,  55.4,  55.1,  401.0,  398.9,  398.0,  395.4,  388.1,  377.1,  361.2,  346.2,  343.4,  351.4,  368.4,  382.0,  391.4,  394.9,  394.4,  393.4,  395.2,  370.5,  365.7,  361.6,  356.6,  351.2,  350.8,  355.4,  359.2,  360.9,  363.1,  346.2,  339.0,  331.3,  324.0,  336.2,  334.1,  332.5,  334.2,  336.1,  362.1,  360.0,  358.8,  357.8,  357.0,  358.4,  356.5,  356.2,  357.1,  359.3,  356.0,  355.3,  346.7,  335.5,  331.2,  329.6,  329.9,  336.0,  345.3,  334.2,  327.5,  326.8,  328.4,  334.7,  344.4,  332.2,  330.9,  331.0,  342.5,  329.8,  329.4,  331.1,  2.473,  -0.086,  0.003,  0.009,  657.478,  438.782,  -7.966,  -5.785,  -18.336,  -12.387,  -9.945,  -0.297,  -1.495,  2.274,  4.898,  -4.545,  -7.550,  -6.142,  8.365,  -6.062,  0.756,  2.092,  2.913,  -0.647,  0.280,  -4.220,  0.101,  0.230,  0.455,  0.680,  -0.929,  1.201,  -0.893,  -0.510,  -0.478,  -0.571,  0.323,  -0.818,  0.109,  0.460, 0.00, 0.00, 0.00, 0.00, 0.00, 0.23, 0.00, 0.00, 0.00, 0.00, 0.22, 0.40, 0.24, 0.29, 0.00, 0.10, 0.00, 0.00, 0.00, 0.00, 1.00, 0.00, 0.00, 0.00, 0.00, 0.00, 0.00, 0.00, 0.00, 0.00, 0.00, 0.00, 0.00, 0.00, 0.00
3,  0,  0.067,  0.98,  1,  0.044424,  -0.074376,  -0.996240,  -0.147139,  0.022340,  -0.988864,  -0.052,  -0.026,  561.1,  565.9,  577.4,  588.8,  593.5,  589.6,  577.2,  565.8,  549.1,  555.4,  564.9,  577.3,  590.0,  599.3,  605.3,  598.1,  587.0,  574.8,  564.1,  555.1,  572.3,  577.5,  582.7,  584.9,  582.8,  577.6,  572.4,  570.2,  717.3,  722.0,  734.4,  747.2,  753.0,  748.4,  736.0,  722.2,  708.9,  715.8,  725.7,  738.8,  751.1,  760.2,  766.7,  760.3,  751.9,  741.4,  729.0,  717.7,  728.6,  735.3,  741.7,  744.0,  741.0,  734.4,  728.0,  725.6,  340.7,  329.6,  324.8,  329.0,  339.8,  351.8,  355.7,  351.4,  348.3,  341.1,  336.5,  333.9,  335.5,  339.9,  346.3,  350.3,  351.5,  352.5,  352.6,  351.6,  346.1,  348.0,  345.9,  340.9,  336.0,  334.1,  336.3,  341.3,  342.4,  329.7,  324.3,  329.3,  341.9,  354.6,  360.0,  356.0,  347.4,  339.5,  334.9,  333.4,  335.8,  340.1,  346.7,  349.3,  350.7,  351.2,  350.8,  349.9,  349.4,  352.0,  349.2,  342.6,  336.2,  333.6,  336.4,  342.9,  -29.5,  -27.8,  -23.5,  -19.2,  -17.3,  -18.7,  -23.3,  -27.6,  -34.4,  -31.8,  -28.1,  -23.4,  -18.7,  -15.2,  -13.0,  -15.6,  -19.6,  -24.2,  -28.2,  -31.8,  -25.3,  -23.3,  -21.4,  -20.6,  -21.5,  -23.4,  -25.4,  -26.1,  27.2,  29.0,  33.4,  38.0,  40.0,  38.2,  33.7,  28.9,  24.3,  26.6,  30.1,  34.7,  39.2,  42.8,  45.4,  42.7,  39.4,  35.5,  31.1,  27.2,  31.3,  33.6,  35.9,  36.9,  35.8,  33.5,  31.2,  30.2,  -7.2,  -11.4,  -13.2,  -11.6,  -7.5,  -3.0,  -1.6,  -3.2,  -4.4,  -7.1,  -8.8,  -9.7,  -9.1,  -7.5,  -5.1,  -3.6,  -3.2,  -2.8,  -2.7,  -3.2,  -5.2,  -4.5,  -5.3,  -7.2,  -9.0,  -9.7,  -8.9,  -7.0,  -6.2,  -10.7,  -12.7,  -10.9,  -6.4,  -1.9,  0.0,  -1.4,  -4.4,  -7.2,  -8.8,  -9.3,  -8.5,  -7.1,  -4.7,  -3.8,  -3.3,  -3.1,  -3.2,  -3.5,  -3.7,  -2.8,  -3.8,  -6.2,  -8.5,  -9.4,  -8.4,  -6.0,  327.4,  328.7,  328.9,  327.9,  326.2,  325.0,  324.6,  325.7,  330.7,  328.9,  327.0,  326.1,  326.3,  327.0,  327.8,  325.9,  324.3,  324.1,  325.6,  328.1,  327.1,  326.6,  326.7,  327.3,  328.1,  328.5,  328.4,  327.8,  307.8,  309.0,  310.1,  310.3,  309.6,  308.3,  307.2,  307.2,  308.0,  307.6,  307.3,  307.6,  309.0,  311.2,  313.3,  310.8,  308.1,  306.2,  305.9,  306.9,  308.6,  308.8,  309.3,  310.0,  310.4,  310.3,  309.7,  309.0,  6.8,  30.0,  343.4,  -0.211,  0.015,  0.011,  472.2,  472.1,  476.2,  484.7,  501.3,  529.2,  565.8,  609.2,  657.0,  702.8,  742.9,  778.4,  806.8,  823.8,  831.7,  837.6,  840.5,  509.7,  529.8,  558.0,  588.2,  617.4,  697.7,  730.1,  759.8,  787.6,  806.8,  657.5,  658.3,  658.8,  659.2,  623.9,  641.2,  658.4,  675.8,  692.0,  545.9,  565.3,  588.5,  607.5,  588.0,  565.3,  707.4,  726.4,  749.6,  768.2,  751.0,  728.9,  591.8,  617.3,  641.7,  658.7,  677.3,  703.1,  725.6,  704.0,  679.5,  659.5,  640.7,  616.9,  603.5,  640.8,  658.4,  677.2,  715.4,  677.2,  658.3,  640.6,  370.3,  415.4,  460.6,  503.8,  541.8,  575.2,  599.7,  619.3,  626.8,  625.2,  612.5,  590.7,  558.2,  514.2,  463.8,  411.7,  360.6,  319.7,  298.0,  288.6,  289.1,  293.7,  292.9,  286.0,  286.4,  296.0,  316.3,  333.2,  359.8,  386.2,  413.6,  442.9,  448.1,  452.2,  448.1,  444.2,  348.3,  336.0,  335.0,  346.7,  352.1,  353.3,  346.4,  333.9,  335.4,  346.7,  352.0,  351.4,  511.7,  492.1,  483.8,  487.9,  483.9,  494.3,  511.5,  527.1,  532.0,  532.7,  531.0,  525.0,  510.8,  503.2,  504.2,  502.8,  510.8,  506.9,  507.5,  505.9,  -76.8,  -76.5,  -74.5,  -70.2,  -61.5,  -47.8,  -30.6,  -12.2,  6.7,  25.2,  43.3,  60.4,  74.5,  82.9,  86.4,  88.8,  90.5,  -55.1,  -46.0,  -33.8,  -21.1,  -9.1,  23.1,  36.5,  49.1,  60.8,  69.2,  6.9,  7.1,  7.1,  7.1,  -6.2,  0.4,  7.0,  13.7,  20.0,  -38.9,  -30.7,  -21.1,  -13.3,  -21.2,  -30.5,  27.4,  35.1,  44.7,  52.5,  45.1,  36.0,  -19.1,  -8.7,  0.6,  7.0,  14.0,  24.2,  33.8,  24.4,  14.8,  7.3,  0.3,  -8.8,  -14.4,  0.3,  6.9,  14.1,  29.5,  14.0,  6.9,  0.2,  4.7,  25.3,  45.8,  65.0,  80.6,  92.7,  99.0,  102.6,  104.8,  106.6,  106.3,  100.7,  88.5,  69.5,  46.8,  23.2,  0.2,  -17.0,  -25.9,  -29.4,  -28.8,  -26.6,  -26.8,  -30.0,  -30.2,  -26.4,  -18.1,  -10.6,  -0.1,  9.9,  19.8,  31.8,  33.6,  35.0,  33.6,  32.3,  -4.8,  -9.9,  -10.2,  -5.4,  -3.2,  -2.8,  -5.5,  -10.6,  -10.0,  -5.4,  -3.2,  -3.5,  60.0,  50.6,  46.8,  48.1,  46.7,  51.5,  59.7,  63.8,  64.3,  64.4,  64.1,  63.1,  59.3,  54.3,  54.5,  54.0,  59.0,  55.4,  55.5,  55.1,  400.6,  398.7,  398.0,  395.4,  388.1,  377.1,  361.3,  346.4,  343.6,  351.6,  368.3,  381.8,  390.9,  394.5,  394.1,  393.1,  394.9,  370.0,  365.1,  361.0,  356.0,  350.8,  350.2,  354.8,  358.7,  360.5,  362.8,  345.6,  338.4,  330.6,  323.3,  335.7,  333.6,  332.0,  333.7,  335.6,  361.6,  359.4,  358.3,  357.2,  356.4,  357.8,  356.0,  355.6,  356.6,  358.8,  355.5,  354.8,  346.4,  335.0,  330.6,  329.2,  329.4,  335.6,  345.0,  334.0,  327.4,  326.6,  328.2,  334.4,  344.1,  331.8,  330.5,  330.7,  342.2,  329.6,  329.1,  330.7,  2.476,  -0.082,  0.004,  0.008,  657.670,  438.933,  -7.357,  -5.060,  -17.911,  -12.080,  -9.973,  -0.771,  -1.255,  1.846,  4.721,  -4.430,  -7.236,  -5.806,  8.399,  -6.158,  0.905,  1.878,  2.241,  -0.385,  0.531,  -4.373,  -0.148,  -0.110,  0.422,  0.728,  -0.845,  1.199,  -0.862,  -0.488,  -0.499,  -0.583,  0.283,  -0.842,  0.049,  0.480, 0.00, 0.00, 0.00, 0.00, 0.00, 0.16, 0.00, 0.00, 0.00, 0.00, 0.16, 0.37, 0.18, 0.17, 0.00, 0.10, 0.00, 0.00, 0.00, 0.00, 1.00, 0.00, 0.00, 0.00, 0.00, 0.00, 0.00, 0.00, 0.00, 0.00, 0.00, 0.00, 0.00, 0.00, 0.00
4,  0,  0.100,  0.98,  1,  0.045479,  -0.063017,  -0.996976,  -0.144876,  0.031288,  -0.988955,  -0.050,  -0.016,  561.2,  566.1,  577.6,  589.1,  593.8,  589.8,  577.4,  565.9,  549.1,  555.6,  565.0,  577.4,  590.0,  599.3,  605.5,  598.2,  587.2,  575.0,  564.3,  555.3,  572.4,  577.7,  583.0,  585.2,  583.0,  577.8,  572.5,  570.3,  717.5,  722.2,  734.5,  747.2,  753.0,  748.3,  736.0,  722.3,  708.7,  715.8,  725.9,  739.0,  751.2,  760.2,  766.5,  760.2,  752.0,  741.5,  729.1,  717.7,  728.7,  735.2,  741.5,  743.9,  740.9,  734.4,  728.1,  725.7,  340.9,  329.9,  325.1,  329.3,  340.1,  352.2,  356.0,  351.7,  348.3,  341.2,  336.6,  334.1,  335.7,  340.1,  346.3,  350.4,  351.6,  352.6,  352.7,  351.6,  346.5,  348.5,  346.3,  341.2,  336.2,  334.3,  336.5,  341.6,  342.6,  329.8,  324.4,  329.6,  342.3,  355.1,  360.5,  356.4,  347.7,  339.9,  335.2,  333.7,  336.0,  340.2,  346.8,  349.4,  350.8,  351.4,  351.0,  350.2,  349.6,  352.3,  349.5,  342.9,  336.4,  333.8,  336.5,  343.1,  -29.4,  -27.7,  -23.4,  -19.1,  -17.2,  -18.6,  -23.2,  -27.5,  -34.3,  -31.7,  -28.0,  -23.3,  -18.6,  -15.2,  -12.9,  -15.5,  -19.6,  -24.0,  -28.1,  -31.7,  -25.2,  -23.2,  -21.3,  -20.5,  -21.3,  -23.3,  -25.3,  -26.1,  27.1,  28.9,  33.3,  37.9,  39.8,  38.1,  33.6,  28.8,  24.1,  26.5,  30.0,  34.7,  39.1,  42.6,  45.2,  42.6,  39.3,  35.4,  31.0,  27.1,  31.2,  33.5,  35.8,  36.7,  35.7,  33.3,  31.0,  30.2,  -7.1,  -11.3,  -13.1,  -11.5,  -7.4,  -2.9,  -1.5,  -3.1,  -4.4,  -7.1,  -8.7,  -9.7,  -9.1,  -7.4,  -5.1,  -3.6,  -3.1,  -2.7,  -2.7,  -3.1,  -5.0,  -4.3,  -5.1,  -7.0,  -8.9,  -9.7,  -8.8,  -6.9,  -6.1,  -10.6,  -12.5,  -10.7,  -6.2,  -1.7,  0.2,  -1.3,  -4.3,  -7.0,  -8.7,  -9.2,  -8.4,  -7.0,  -4.7,  -3.8,  -3.2,  -3.0,  -3.1,  -3.4,  -3.6,  -2.7,  -3.7,  -6.0,  -8.3,  -9.3,  -8.3,  -5.9,  327.1,  328.4,  328.6,  327.6,  325.9,  324.7,  324.3,  325.4,  330.3,  328.6,  326.7,  325.8,  326.1,  326.7,  327.5,  325.6,  323.9,  323.7,  325.2,  327.7,  326.7,  326.3,  326.4,  327.0,  327.8,  328.2,  328.1,  327.5,  306.4,  307.5,  308.7,  309.1,  308.6,  307.5,  306.3,  306.0,  306.6,  306.1,  305.9,  306.4,  307.9,  310.4,  312.7,  310.0,  307.2,  305.2,  304.7,  305.5,  307.5,  307.7,  308.3,  308.9,  309.2,  309.0,  308.4,  307.7,  6.8,  30.1,  343.0,  -0.207,  0.016,  0.013,  472.4,  472.1,  476.2,  484.7,  501.3,  529.2,  565.9,  609.3,  657.1,  702.8,  742.7,  778.1,  806.6,  823.7,  831.8,  837.8,  840.8,  510.0,  530.0,  558.2,  588.4,  617.6,  697.6,  730.1,  759.9,  787.8,  807.0,  657.5,  658.3,  658.8,  659.2,  623.9,  641.2,  658.4,  675.8,  692.1,  546.1,  565.4,  588.6,  607.6,  588.2,  565.5,  707.4,  726.5,  749.6,  768.2,  751.1,  728.9,  591.7,  617.1,  641.5,  658.6,  677.2,  703.2,  725.7,  704.0,  679.4,  659.3,  640.5,  616.6,  603.4,  640.6,  658.2,  677.1,  715.5,  677.0,  658.1,  640.3,  369.8,  414.9,  460.0,  503.2,  541.3,  574.9,  599.9,  620.0,  627.7,  626.3,  613.5,  591.5,  558.9,  514.9,  464.3,  411.9,  360.4,  319.8,  298.1,  288.8,  289.4,  293.9,  293.2,  286.2,  286.6,  296.4,  316.7,  333.4,  360.0,  386.4,  414.0,  443.3,  448.4,  452.6,  448.6,  444.6,  348.3,  336.1,  335.2,  346.8,  352.1,  353.3,  346.6,  334.2,  335.7,  346.9,  352.2,  351.6,  512.0,  492.6,  484.3,  488.5,  484.6,  495.0,  512.2,  528.2,  533.3,  533.9,  532.2,  525.8,  511.2,  503.8,  504.9,  503.6,  511.4,  508.0,  508.5,  506.7,  -76.7,  -76.4,  -74.5,  -70.2,  -61.5,  -47.7,  -30.6,  -12.1,  6.7,  25.2,  43.2,  60.2,  74.4,  82.8,  86.3,  88.8,  90.5,  -54.9,  -45.8,  -33.7,  -20.9,  -9.0,  23.0,  36.4,  49.0,  60.8,  69.1,  6.9,  7.1,  7.1,  7.1,  -6.2,  0.4,  7.0,  13.6,  19.9,  -38.8,  -30.6,  -21.0,  -13.2,  -21.1,  -30.4,  27.4,  35.1,  44.6,  52.5,  45.0,  36.0,  -19.1,  -8.8,  0.5,  7.0,  14.0,  24.2,  33.8,  24.4,  14.7,  7.2,  0.2,  -8.9,  -14.4,  0.2,  6.9,  14.0,  29.5,  13.9,  6.8,  0.1,  4.5,  25.0,  45.4,  64.7,  80.3,  92.6,  99.0,  102.9,  105.2,  107.0,  106.7,  101.0,  88.8,  69.8,  46.9,  23.3,  0.2,  -17.0,  -25.8,  -29.3,  -28.7,  -26.4,  -26.7,  -29.8,  -30.0,  -26.2,  -17.9,  -10.5,  0.0,  10.0,  19.9,  31.9,  33.7,  35.1,  33.7,  32.4,  -4.8,  -9.8,  -10.2,  -5.4,  -3.2,  -2.7,  -5.4,  -10.5,  -9.9,  -5.4,  -3.2,  -3.4,  60.1,  50.7,  46.9,  48.3,  46.8,  51.7,  59.9,  64.1,  64.8,  64.9,  64.5,  63.3,  59.4,  54.5,  54.7,  54.2,  59.1,  55.7,  55.8,  55.4,  400.1,  398.2,  397.6,  395.2,  387.8,  376.9,  361.2,  346.4,  343.6,  351.6,  368.3,  381.6,  390.8,  394.3,  393.8,  392.7,  394.3,  369.4,  364.4,  360.3,  355.3,  350.1,  349.4,  353.9,  357.9,  359.8,  362.1,  344.9,  337.7,  330.0,  322.7,  335.2,  333.1,  331.5,  333.3,  335.1,  361.1,  358.9,  357.8,  356.7,  355.9,  357.3,  355.4,  354.9,  355.9,  358.1,  354.8,  354.1,  346.1,  334.6,  330.1,  328.7,  328.9,  335.0,  344.5,  333.6,  327.2,  326.4,  328.0,  334.2,  343.8,  331.4,  330.1,  330.2,  341.7,  329.3,  328.8,  330.4,  2.479,  -0.077,  0.005,  0.009,  657.676,  439.315,  -7.155,  -5.394,  -17.530,  -11.428,  -10.200,  -0.932,  -0.865,  2.000,  4.849,  -4.567,  -7.242,  -6.184,  8.435,  -6.260,  0.680,  2.036,  2.220,  -0.146,  0.532,  -4.624,  -0.364,  -0.179,  0.516,  0.823,  -0.929,  1.229,  -0.993,  -0.467,  -0.563,  -0.555,  0.224,  -0.871,  0.049,  0.482, 0.00, 0.00, 0.00, 0.00, 0.00, 0.05, 0.00, 0.00, 0.00, 0.00, 0.09, 0.32, 0.14, 0.17, 0.03, 0.14, 0.00, 0.00, 0.00, 0.00, 1.00, 0.00, 0.00, 0.00, 0.00, 0.00, 0.00, 0.00, 0.00, 0.00, 0.00, 0.00, 0.00, 0.00, 0.00
5,  0,  0.133,  0.98,  1,  0.035358,  -0.074158,  -0.996620,  -0.151830,  0.035499,  -0.987769,  -0.059,  -0.019,  560.9,  565.7,  577.1,  588.5,  593.2,  589.3,  577.1,  565.6,  548.9,  555.3,  564.9,  577.4,  590.0,  599.3,  605.5,  598.3,  587.2,  575.0,  564.2,  555.0,  572.3,  577.3,  582.2,  584.3,  582.3,  577.3,  572.4,  570.3,  717.3,  722.0,  734.3,  747.1,  752.7,  748.0,  735.6,  722.0,  708.8,  715.8,  725.8,  738.9,  751.1,  760.2,  766.5,  760.2,  751.8,  741.2,  728.9,  717.5,  728.4,  735.0,  741.3,  743.8,  740.8,  734.3,  727.9,  725.5,  340.8,  329.9,  325.1,  329.2,  339.8,  351.8,  355.6,  351.5,  348.6,  341.4,  336.7,  334.1,  335.8,  340.4,  346.7,  350.7,  351.8,  352.7,  352.9,  352.0,  346.0,  347.8,  345.7,  341.0,  336.4,  334.6,  336.7,  341.4,  342.9,  330.1,  324.7,  329.8,  342.5,  355.2,  360.7,  356.6,  347.7,  339.9,  335.3,  333.9,  336.3,  340.4,  347.0,  349.6,  351.0,  351.6,  351.2,  350.2,  349.8,  352.5,  349.7,  343.1,  336.6,  333.9,  336.7,  343.3,  -29.6,  -27.9,  -23.7,  -19.3,  -17.5,  -18.8,  -23.4,  -27.7,  -34.4,  -31.8,  -28.1,  -23.4,  -18.7,  -15.2,  -13.0,  -15.5,  -19.6,  -24.1,  -28.2,  -31.9,  -25.3,  -23.4,  -21.6,  -20.8,  -21.7,  -23.5,  -25.4,  -26.1,  27.2,  29.0,  33.5,  38.0,  40.0,  38.2,  33.7,  28.9,  24.3,  26.7,  30.2,  34.8,  39.3,  42.9,  45.5,  42.8,  39.5,  35.5,  31.2,  27.3,  31.3,  33.6,  35.9,  36.8,  35.8,  33.5,  31.2,  30.3,  -7.2,  -11.3,  -13.1,  -11.6,  -7.5,  -3.1,  -1.6,  -3.2,  -4.3,  -7.0,  -8.7,  -9.7,  -9.0,  -7.3,  -5.0,  -3.5,  -3.1,  -2.7,  -2.6,  -3.0,  -5.2,  -4.6,  -5.3,  -7.1,  -8.9,  -9.5,  -8.8,  -7.0,  -6.0,  -10.6,  -12.5,  -10.7,  -6.2,  -1.7,  0.2,  -1.2,  -4.4,  -7.1,  -8.7,  -9.2,  -8.4,  -7.0,  -4.7,  -3.7,  -3.2,  -2.9,  -3.1,  -3.4,  -3.6,  -2.7,  -3.7,  -6.0,  -8.3,  -9.3,  -8.3,  -5.9,  327.5,  328.9,  329.1,  328.1,  326.3,  325.1,  324.7,  325.7,  330.7,  328.9,  327.1,  326.2,  326.5,  327.3,  328.1,  326.1,  324.4,  324.2,  325.6,  328.1,  327.2,  326.7,  326.8,  327.4,  328.2,  328.6,  328.5,  327.9,  308.4,  309.5,  310.4,  310.8,  310.3,  309.2,  308.3,  308.1,  308.8,  308.2,  307.9,  308.3,  309.7,  312.1,  314.3,  311.7,  309.1,  307.1,  306.8,  307.7,  309.5,  309.6,  310.1,  310.7,  311.0,  310.8,  310.3,  309.7,  6.7,  30.3,  343.1,  -0.202,  0.015,  0.013,  472.2,  472.1,  476.2,  484.6,  501.2,  529.1,  565.9,  609.5,  657.2,  702.7,  742.4,  777.6,  806.1,  823.3,  831.5,  837.6,  840.7,  509.5,  529.4,  557.6,  588.0,  617.4,  697.5,  730.0,  759.9,  787.8,  807.1,  657.3,  658.1,  658.7,  659.0,  623.9,  641.1,  658.2,  675.6,  691.8,  545.9,  565.3,  588.5,  607.5,  588.1,  565.4,  707.3,  726.4,  749.5,  768.1,  751.0,  728.8,  591.7,  617.1,  641.4,  658.5,  677.1,  702.9,  725.4,  703.8,  679.3,  659.2,  640.5,  616.6,  603.4,  640.5,  658.1,  677.0,  715.2,  676.9,  658.0,  640.2,  369.6,  414.8,  459.9,  503.1,  541.1,  574.8,  599.7,  619.7,  627.4,  625.9,  613.3,  591.6,  559.2,  515.4,  464.8,  412.3,  360.6,  320.4,  298.5,  289.1,  289.6,  294.0,  293.4,  286.4,  286.8,  296.6,  316.9,  333.6,  360.4,  387.0,  414.6,  443.9,  449.1,  453.3,  449.2,  445.2,  348.5,  336.3,  335.3,  347.0,  352.4,  353.6,  346.8,  334.3,  335.8,  347.1,  352.5,  351.8,  512.7,  493.8,  485.7,  489.8,  485.9,  496.1,  512.9,  529.0,  534.1,  534.8,  533.0,  526.7,  511.9,  504.8,  505.9,  504.5,  512.2,  509.0,  509.5,  507.8,  -76.7,  -76.4,  -74.5,  -70.2,  -61.5,  -47.8,  -30.6,  -12.1,  6.7,  25.2,  43.1,  60.1,  74.2,  82.7,  86.3,  88.7,  90.5,  -55.1,  -46.1,  -33.9,  -21.1,  -9.0,  23.0,  36.4,  49.0,  60.7,  69.1,  6.8,  7.0,  7.0,  7.0,  -6.2,  0.4,  6.9,  13.6,  19.8,  -38.8,  -30.6,  -21.1,  -13.2,  -21.1,  -30.4,  27.3,  35.0,  44.5,  52.4,  45.0,  35.9,  -19.1,  -8.8,  0.5,  6.9,  14.0,  24.1,  33.6,  24.3,  14.7,  7.2,  0.2,  -8.9,  -14.4,  0.2,  6.8,  14.0,  29.4,  13.9,  6.8,  0.1,  4.4,  24.9,  45.4,  64.7,  80.3,  92.6,  98.9,  102.8,  105.1,  106.9,  106.7,  101.1,  89.0,  70.1,  47.2,  23.5,  0.3,  -16.7,  -25.6,  -29.2,  -28.6,  -26.4,  -26.6,  -29.7,  -29.9,  -26.1,  -17.8,  -10.4,  0.2,  10.2,  20.1,  32.1,  33.9,  35.3,  34.0,  32.6,  -4.7,  -9.7,  -10.1,  -5.3,  -3.1,  -2.6,  -5.4,  -10.4,  -9.8,  -5.3,  -3.1,  -3.3,  60.4,  51.2,  47.5,  48.8,  47.4,  52.2,  60.2,  64.5,  65.2,  65.3,  64.9,  63.7,  59.7,  54.9,  55.1,  54.6,  59.5,  56.1,  56.2,  55.9,  399.9,  398.1,  397.7,  395.3,  388.0,  377.1,  361.2,  346.4,  343.8,  351.9,  368.7,  381.9,  391.1,  394.7,  394.1,  392.8,  394.4,  369.4,  364.3,  360.0,  354.9,  349.6,  349.1,  353.6,  357.7,  359.5,  361.9,  344.6,  337.5,  329.7,  322.5,  335.1,  333.1,  331.5,  333.2,  335.1,  360.9,  358.7,  357.5,  356.5,  355.7,  357.1,  355.1,  354.7,  355.7,  357.9,  354.6,  354.0,  346.2,  334.8,  330.4,  329.0,  329.2,  335.3,  344.7,  334.0,  327.6,  326.8,  328.4,  334.5,  343.9,  331.7,  330.4,  330.5,  341.9,  329.6,  329.1,  330.8,  2.479,  -0.072,  0.004,  0.009,  657.537,  439.741,  -7.269,  -5.627,  -17.732,  -11.278,  -9.269,  -0.459,  -0.660,  2.259,  5.489,  -4.089,  -7.366,  -6.434,  8.825,  -6.325,  0.463,  2.170,  2.181,  -0.097,  0.182,  -4.557,  -0.187,  -0.272,  0.280,  0.785,  -0.973,  1.165,  -0.949,  -0.522,  -0.464,  -0.605,  0.264,  -0.851,  0.042,  0.473, 0.00, 0.00, 0.00, 0.00, 0.00, 0.14, 0.00, 0.00, 0.00, 0.00, 0.05, 0.38, 0.18, 0.24, 0.03, 0.24, 0.00, 0.00, 0.00, 0.00, 1.00, 0.00, 0.00, 0.00, 0.00, 0.00, 0.00, 0.00, 0.00, 0.00, 0.00, 0.00, 0.00, 0.00, 0.00
6,  0,  0.167,  0.98,  1,  0.031792,  -0.068939,  -0.997114,  -0.144346,  0.045567,  -0.988478,  -0.057,  -0.012,  560.3,  565.0,  576.5,  588.0,  592.7,  588.8,  576.4,  565.0,  548.5,  554.8,  564.4,  576.7,  589.3,  598.7,  604.9,  597.7,  586.7,  574.6,  563.8,  554.5,  571.8,  576.7,  581.6,  583.7,  581.7,  576.7,  571.8,  569.7,  717.1,  721.8,  734.2,  746.9,  752.5,  747.7,  735.4,  721.7,  708.2,  715.3,  725.3,  738.5,  750.6,  759.7,  766.0,  759.7,  751.4,  740.8,  728.5,  717.1,  728.2,  734.7,  741.1,  743.5,  740.6,  734.0,  727.7,  725.3,  340.9,  330.0,  325.1,  329.2,  339.9,  351.8,  355.6,  351.6,  348.7,  341.5,  336.9,  334.2,  335.9,  340.4,  346.8,  350.8,  351.9,  352.9,  353.1,  352.2,  346.1,  347.9,  345.8,  341.1,  336.5,  334.7,  336.8,  341.5,  343.1,  330.3,  325.0,  330.2,  342.9,  355.6,  361.0,  356.8,  348.1,  340.2,  335.5,  334.0,  336.4,  340.6,  347.3,  349.8,  351.2,  351.8,  351.3,  350.5,  350.1,  352.7,  350.0,  343.4,  336.9,  334.3,  337.0,  343.6,  -29.8,  -28.2,  -23.9,  -19.5,  -17.6,  -19.0,  -23.6,  -27.9,  -34.6,  -32.0,  -28.3,  -23.6,  -18.9,  -15.5,  -13.2,  -15.7,  -19.7,  -24.2,  -28.4,  -32.0,  -25.5,  -23.6,  -21.8,  -21.1,  -21.9,  -23.8,  -25.6,  -26.3,  27.1,  28.9,  33.4,  37.9,  39.8,  38.0,  33.5,  28.7,  24.0,  26.5,  30.0,  34.6,  39.1,  42.6,  45.2,  42.6,  39.3,  35.3,  30.9,  27.0,  31.1,  33.5,  35.8,  36.7,  35.7,  33.3,  31.0,  30.1,  -7.1,  -11.3,  -13.1,  -11.5,  -7.5,  -3.0,  -1.6,  -3.1,  -4.3,  -6.9,  -8.6,  -9.6,  -9.0,  -7.3,  -5.0,  -3.4,  -3.0,  -2.6,  -2.6,  -2.9,  -5.2,  -4.5,  -5.3,  -7.1,  -8.8,  -9.5,  -8.7,  -6.9,  -5.9,  -10.5,  -12.4,  -10.6,  -6.1,  -1.5,  0.3,  -1.1,  -4.2,  -7.0,  -8.6,  -9.1,  -8.3,  -6.9,  -4.6,  -3.6,  -3.1,  -2.9,  -3.0,  -3.3,  -3.5,  -2.6,  -3.5,  -5.9,  -8.2,  -9.1,  -8.1,  -5.8,  327.5,  329.0,  329.3,  328.2,  326.4,  325.0,  324.6,  325.7,  330.6,  328.9,  327.1,  326.3,  326.5,  327.2,  328.0,  326.0,  324.3,  324.0,  325.5,  328.0,  327.2,  326.7,  326.8,  327.5,  328.2,  328.7,  328.6,  328.0,  307.7,  308.8,  309.9,  310.3,  309.8,  308.7,  307.6,  307.4,  308.1,  307.5,  307.3,  307.6,  309.1,  311.6,  313.9,  311.2,  308.5,  306.5,  306.1,  307.0,  308.8,  309.0,  309.6,  310.2,  310.4,  310.2,  309.7,  309.1,  6.5,  30.6,  342.7,  -0.190,  0.017,  0.013,  472.0,  471.8,  475.9,  484.4,  500.8,  528.5,  565.1,  608.4,  656.3,  702.2,  742.2,  777.5,  806.0,  823.2,  831.4,  837.5,  840.6,  509.3,  529.2,  557.3,  587.6,  616.8,  697.3,  729.7,  759.6,  787.4,  806.6,  656.8,  657.6,  658.0,  658.3,  623.4,  640.4,  657.5,  674.9,  691.0,  545.5,  564.8,  587.9,  606.9,  587.6,  565.0,  706.9,  725.9,  749.1,  767.6,  750.5,  728.4,  591.1,  616.7,  640.9,  657.6,  675.8,  701.6,  724.5,  702.4,  677.8,  658.2,  639.9,  616.2,  602.7,  640.0,  657.2,  675.7,  714.5,  675.5,  657.0,  639.7,  369.5,  414.5,  459.5,  502.6,  540.7,  574.7,  600.0,  620.4,  628.2,  626.6,  613.7,  591.7,  558.8,  514.9,  464.5,  412.2,  360.6,  320.1,  298.5,  289.3,  289.8,  294.3,  293.6,  286.5,  286.8,  296.5,  316.7,  333.8,  360.9,  387.8,  415.7,  444.9,  450.2,  454.4,  450.3,  446.3,  348.7,  336.4,  335.4,  347.1,  352.6,  353.8,  347.0,  334.4,  335.9,  347.3,  352.7,  352.1,  513.6,  495.9,  488.3,  492.4,  488.7,  498.4,  514.2,  530.2,  535.1,  535.7,  533.9,  527.4,  513.0,  506.6,  507.9,  506.5,  513.6,  510.8,  511.2,  509.4,  -76.7,  -76.5,  -74.5,  -70.3,  -61.7,  -48.1,  -31.0,  -12.5,  6.4,  25.0,  43.0,  60.0,  74.1,  82.5,  86.1,  88.5,  90.2,  -55.0,  -46.0,  -33.9,  -21.2,  -9.2,  22.7,  36.1,  48.7,  60.3,  68.7,  6.6,  6.7,  6.8,  6.7,  -6.3,  0.2,  6.6,  13.2,  19.5,  -38.9,  -30.8,  -21.2,  -13.5,  -21.3,  -30.6,  27.1,  34.7,  44.2,  52.0,  44.6,  35.6,  -19.3,  -8.9,  0.3,  6.6,  13.5,  23.6,  33.3,  23.8,  14.2,  6.8,  -0.0,  -9.1,  -14.7,  0.0,  6.5,  13.5,  29.1,  13.4,  6.4,  -0.1,  4.3,  24.8,  45.2,  64.4,  80.1,  92.5,  99.1,  103.2,  105.4,  107.2,  106.9,  101.1,  88.8,  69.8,  47.0,  23.4,  0.3,  -16.8,  -25.5,  -29.0,  -28.4,  -26.1,  -26.4,  -29.6,  -29.8,  -26.0,  -17.9,  -10.3,  0.3,  10.4,  20.5,  32.4,  34.2,  35.7,  34.3,  32.9,  -4.7,  -9.6,  -10.0,  -5.2,  -3.0,  -2.5,  -5.3,  -10.3,  -9.8,  -5.2,  -2.9,  -3.2,  60.8,  52.0,  48.4,  49.8,  48.4,  53.0,  60.7,  64.9,  65.5,  65.6,  65.2,  64.0,  60.1,  55.6,  55.8,  55.3,  60.0,  56.8,  56.9,  56.5,  399.6,  397.8,  397.3,  395.0,  387.8,  377.1,  361.4,  346.7,  343.9,  351.8,  368.6,  381.7,  390.7,  394.2,  393.5,  392.1,  393.5,  368.5,  363.2,  358.9,  353.6,  348.1,  347.5,  352.1,  356.1,  358.1,  360.8,  343.3,  336.1,  328.4,  321.1,  334.3,  332.2,  330.6,  332.3,  334.1,  360.1,  357.9,  356.6,  355.6,  354.9,  356.3,  354.0,  353.5,  354.4,  356.8,  353.4,  352.8,  346.3,  334.8,  330.3,  328.9,  329.0,  335.2,  344.7,  333.8,  327.5,  326.8,  328.3,  334.6,  343.9,  331.5,  330.2,  330.3,  341.9,  329.4,  329.0,  330.6,  2.483,  -0.060,  0.007,  0.010,  656.964,  440.379,  -7.047,  -5.686,  -17.578,  -10.754,  -8.197,  0.710,  -0.608,  1.890,  5.903,  -3.093,  -7.281,  -6.131,  8.143,  -7.371,  0.400,  2.021,  2.415,  0.203,  -0.409,  -4.374,  -0.156,  0.007,  0.403,  0.882,  -0.896,  1.162,  -1.049,  -0.433,  -0.540,  -0.612,  0.296,  -0.897,  0.017,  0.510, 0.00, 0.00, 0.00, 0.02, 0.00, 0.12, 0.00, 0.00, 0.00, 0.00, 0.01, 0.39, 0.29, 0.36, 0.07, 0.50, 0.00, 0.00, 0.00, 0.00, 1.00, 0.00, 0.00, 0.00, 0.00, 0.00, 0.00, 0.00, 0.00, 0.00, 0.00, 0.00, 0.00, 0.00, 0.00
7,  0,  0.200,  0.98,  1,  0.033327,  -0.070796,  -0.996934,  -0.145283,  0.040116,  -0.988577,  -0.056,  -0.015,  559.8,  564.5,  575.8,  587.1,  591.7,  587.9,  575.8,  564.5,  547.7,  553.9,  563.4,  576.0,  588.6,  598.0,  604.1,  597.0,  585.9,  573.7,  562.9,  553.7,  571.3,  576.0,  580.7,  582.7,  580.7,  576.0,  571.3,  569.3,  716.1,  720.7,  733.1,  745.9,  751.8,  747.2,  734.9,  721.0,  707.4,  714.4,  724.3,  737.5,  749.7,  758.9,  765.3,  759.0,  750.6,  740.1,  727.7,  716.3,  727.4,  734.1,  740.4,  742.8,  739.7,  733.1,  726.7,  724.4,  341.0,  330.0,  325.1,  329.3,  340.0,  352.0,  355.9,  351.7,  348.9,  341.7,  337.1,  334.5,  336.2,  340.8,  347.1,  351.0,  352.2,  353.2,  353.4,  352.3,  346.0,  347.7,  345.7,  341.1,  336.6,  334.8,  336.9,  341.5,  343.3,  330.5,  325.0,  330.1,  342.7,  355.5,  361.0,  357.0,  348.3,  340.4,  335.7,  334.2,  336.5,  340.8,  347.4,  350.0,  351.4,  352.0,  351.6,  350.8,  350.3,  352.9,  350.1,  343.5,  337.0,  334.3,  337.2,  343.8,  -30.2,  -28.5,  -24.3,  -19.9,  -18.1,  -19.5,  -24.0,  -28.3,  -35.1,  -32.5,  -28.8,  -24.0,  -19.3,  -15.8,  -13.5,  -16.1,  -20.2,  -24.7,  -28.9,  -32.6,  -25.8,  -24.0,  -22.3,  -21.6,  -22.3,  -24.1,  -25.9,  -26.6,  26.7,  28.4,  32.8,  37.4,  39.4,  37.6,  33.2,  28.3,  23.6,  26.0,  29.5,  34.1,  38.6,  42.1,  44.7,  42.1,  38.8,  34.9,  30.5,  26.6,  30.7,  33.1,  35.4,  36.3,  35.2,  32.9,  30.6,  29.7,  -7.1,  -11.3,  -13.2,  -11.6,  -7.5,  -3.0,  -1.5,  -3.1,  -4.2,  -6.9,  -8.6,  -9.6,  -8.9,  -7.2,  -4.9,  -3.4,  -2.9,  -2.5,  -2.5,  -2.9,  -5.3,  -4.6,  -5.4,  -7.1,  -8.8,  -9.5,  -8.7,  -7.0,  -5.8,  -10.4,  -12.3,  -10.6,  -6.1,  -1.6,  0.4,  -1.0,  -4.1,  -6.8,  -8.5,  -9.0,  -8.3,  -6.8,  -4.5,  -3.5,  -3.0,  -2.8,  -2.9,  -3.2,  -3.4,  -2.5,  -3.5,  -5.8,  -8.1,  -9.1,  -8.0,  -5.7,  329.1,  330.3,  330.4,  329.4,  327.9,  326.8,  326.5,  327.5,  332.6,  330.7,  328.7,  327.7,  328.0,  328.9,  329.8,  327.9,  326.3,  326.1,  327.6,  330.0,  328.9,  328.5,  328.5,  329.0,  329.7,  330.1,  330.0,  329.5,  306.3,  307.6,  308.7,  309.0,  308.4,  307.1,  306.0,  305.8,  306.6,  306.1,  305.9,  306.3,  307.7,  310.1,  312.2,  309.6,  306.9,  304.9,  304.6,  305.4,  307.3,  307.5,  308.1,  308.7,  309.1,  308.9,  308.3,  307.7,  6.1,  30.8,  342.5,  -0.189,  0.017,  0.015,  471.3,  471.4,  475.7,  484.2,  500.2,  527.3,  563.2,  606.2,  654.2,  700.5,  741.0,  776.6,  805.3,  822.4,  830.5,  836.6,  840.0,  508.0,  528.2,  556.6,  587.2,  616.8,  696.0,  728.6,  758.7,  786.7,  806.2,  656.0,  656.8,  657.3,  657.6,  623.1,  639.9,  656.8,  674.0,  690.0,  544.7,  563.9,  587.1,  606.1,  586.8,  564.2,  706.1,  725.1,  748.2,  766.8,  749.7,  727.5,  590.2,  616.0,  640.2,  656.7,  674.7,  700.5,  723.7,  701.3,  676.6,  657.2,  639.1,  615.3,  601.7,  639.3,  656.3,  674.6,  713.7,  674.4,  656.1,  638.9,  369.6,  414.8,  459.7,  502.6,  540.4,  574.1,  599.5,  620.5,  629.2,  628.2,  616.0,  593.7,  560.4,  515.9,  465.2,  412.8,  360.9,  320.4,  298.7,  289.6,  289.9,  294.3,  293.7,  286.5,  286.9,  296.6,  316.8,  333.8,  361.3,  388.5,  417.0,  446.0,  451.3,  455.6,  451.5,  447.4,  348.9,  336.6,  335.6,  347.3,  352.8,  354.1,  347.2,  334.6,  336.0,  347.5,  353.0,  352.4,  514.4,  497.5,  490.4,  494.5,  490.8,  500.2,  515.2,  531.5,  536.3,  536.8,  535.0,  528.4,  514.0,  508.2,  509.5,  508.2,  514.8,  512.3,  512.6,  510.8,  -77.0,  -76.6,  -74.5,  -70.2,  -61.8,  -48.5,  -31.7,  -13.4,  5.6,  24.3,  42.5,  59.5,  73.7,  82.1,  85.6,  88.0,  89.8,  -55.6,  -46.4,  -34.2,  -21.3,  -9.2,  22.2,  35.5,  48.2,  59.9,  68.4,  6.3,  6.4,  6.5,  6.4,  -6.5,  -0.0,  6.3,  12.9,  19.1,  -39.2,  -31.1,  -21.5,  -13.8,  -21.6,  -30.9,  26.7,  34.3,  43.8,  51.6,  44.3,  35.3,  -19.7,  -9.2,  0.1,  6.3,  13.1,  23.2,  32.9,  23.4,  13.7,  6.4,  -0.3,  -9.4,  -15.1,  -0.3,  6.1,  13.1,  28.8,  12.9,  6.0,  -0.4,  4.4,  24.9,  45.2,  64.2,  79.8,  92.1,  98.7,  103.0,  105.6,  107.6,  107.7,  101.9,  89.4,  70.1,  47.3,  23.6,  0.4,  -16.7,  -25.4,  -28.9,  -28.3,  -26.0,  -26.3,  -29.5,  -29.7,  -25.9,  -17.8,  -10.3,  0.5,  10.7,  20.9,  32.8,  34.6,  36.1,  34.7,  33.3,  -4.6,  -9.6,  -9.9,  -5.2,  -2.9,  -2.4,  -5.2,  -10.3,  -9.7,  -5.1,  -2.8,  -3.1,  61.1,  52.6,  49.2,  50.6,  49.2,  53.7,  61.1,  65.3,  65.9,  66.0,  65.6,  64.4,  60.5,  56.1,  56.4,  55.9,  60.4,  57.3,  57.3,  56.9,  399.1,  397.3,  396.6,  394.2,  387.0,  376.4,  360.8,  346.0,  343.2,  351.1,  368.2,  381.3,  390.3,  393.6,  393.0,  391.6,  392.9,  368.5,  363.0,  358.6,  353.0,  347.2,  346.7,  351.2,  355.4,  357.4,  360.2,  342.8,  335.6,  327.9,  320.6,  334.0,  331.8,  330.1,  331.7,  333.6,  359.9,  357.6,  356.3,  355.4,  354.6,  356.1,  353.6,  353.2,  354.0,  356.2,  353.0,  352.5,  346.2,  334.9,  330.4,  328.9,  329.1,  335.1,  344.3,  333.4,  327.2,  326.5,  328.1,  334.4,  343.7,  331.5,  330.3,  330.3,  341.6,  329.2,  328.7,  330.4,  2.486,  -0.058,  0.008,  0.012,  656.082,  441.131,  -8.062,  -6.744,  -17.981,  -10.105,  -7.689,  1.975,  -0.773,  1.860,  6.731,  -2.430,  -7.715,  -6.778,  7.314,  -7.250,  0.093,  1.481,  2.959,  -0.078,  -0.967,  -4.255,  0.209,  0.290,  0.696,  1.521,  -1.100,  1.306,  -1.072,  -0.294,  -0.445,  -0.453,  0.291,  -0.950,  0.034,  0.439, 0.00, 0.00, 0.00, 0.08, 0.00, 0.21, 0.00, 0.00, 0.00, 0.00, 0.04, 0.45, 0.39, 0.46, 0.04, 0.49, 0.00, 0.00, 0.00, 0.00, 1.00, 0.00, 0.00, 0.00, 0.00, 0.00, 0.00, 0.00, 0.00, 0.00, 0.00, 0.00, 0.00, 0.00, 0.00
8,  0,  0.234,  0.98,  1,  0.028556,  -0.063608,  -0.997566,  -0.147377,  0.039079,  -0.988308,  -0.060,  -0.012,  558.7,  563.4,  574.7,  586.0,  590.7,  586.9,  574.8,  563.4,  547.0,  553.2,  562.6,  575.0,  587.6,  596.9,  603.0,  595.9,  584.9,  572.8,  562.1,  553.0,  570.1,  575.0,  579.9,  581.9,  579.8,  575.0,  570.1,  568.1,  715.2,  719.8,  732.2,  745.1,  750.9,  746.3,  733.9,  720.1,  706.6,  713.5,  723.4,  736.5,  748.8,  758.0,  764.6,  758.1,  749.7,  739.1,  726.8,  715.4,  726.5,  733.2,  739.6,  742.0,  738.9,  732.3,  725.9,  723.5,  341.4,  330.3,  325.4,  329.5,  340.3,  352.3,  356.3,  352.2,  349.0,  341.9,  337.3,  334.7,  336.3,  340.9,  347.2,  351.2,  352.4,  353.4,  353.5,  352.4,  346.5,  348.3,  346.1,  341.4,  336.7,  335.0,  337.1,  341.9,  343.3,  330.6,  325.1,  330.1,  342.6,  355.4,  360.9,  356.9,  348.3,  340.3,  335.6,  334.1,  336.5,  340.8,  347.6,  350.1,  351.4,  351.9,  351.5,  350.7,  350.3,  352.8,  350.0,  343.4,  336.9,  334.3,  337.2,  343.8,  -30.7,  -29.0,  -24.7,  -20.4,  -18.5,  -19.9,  -24.4,  -28.7,  -35.4,  -32.9,  -29.1,  -24.4,  -19.7,  -16.2,  -14.0,  -16.6,  -20.6,  -25.1,  -29.2,  -32.9,  -26.3,  -24.5,  -22.6,  -21.9,  -22.7,  -24.6,  -26.4,  -27.2,  26.5,  28.2,  32.7,  37.2,  39.2,  37.4,  33.0,  28.1,  23.5,  25.8,  29.3,  33.9,  38.4,  42.0,  44.6,  41.9,  38.6,  34.7,  30.3,  26.4,  30.5,  32.9,  35.2,  36.1,  35.1,  32.7,  30.4,  29.5,  -7.0,  -11.2,  -13.1,  -11.5,  -7.4,  -2.9,  -1.4,  -2.9,  -4.2,  -6.9,  -8.6,  -9.5,  -8.9,  -7.2,  -4.8,  -3.3,  -2.8,  -2.5,  -2.4,  -2.9,  -5.1,  -4.4,  -5.2,  -7.0,  -8.8,  -9.5,  -8.7,  -6.9,  -5.9,  -10.4,  -12.4,  -10.6,  -6.2,  -1.6,  0.3,  -1.1,  -4.1,  -6.9,  -8.6,  -9.1,  -8.3,  -6.8,  -4.5,  -3.5,  -3.0,  -2.8,  -3.0,  -3.3,  -3.4,  -2.5,  -3.5,  -5.9,  -8.2,  -9.1,  -8.1,  -5.7,  330.0,  331.2,  331.3,  330.3,  328.7,  327.6,  327.4,  328.4,  333.4,  331.5,  329.5,  328.5,  328.8,  329.6,  330.4,  328.6,  327.0,  326.8,  328.3,  330.8,  329.7,  329.3,  329.3,  329.8,  330.5,  331.0,  330.9,  330.4,  307.7,  308.9,  310.0,  310.2,  309.4,  308.2,  307.2,  307.1,  308.0,  307.5,  307.2,  307.5,  308.8,  311.0,  313.1,  310.6,  308.0,  306.1,  305.8,  306.8,  308.6,  308.7,  309.2,  309.9,  310.3,  310.2,  309.6,  308.9,  5.8,  30.9,  342.3,  -0.187,  0.021,  0.014,  470.4,  470.6,  475.2,  483.8,  500.0,  527.1,  562.8,  605.5,  653.5,  699.9,  740.7,  776.5,  805.1,  822.0,  830.0,  836.1,  839.5,  507.0,  527.0,  555.4,  586.1,  615.7,  695.0,  727.6,  757.8,  785.9,  805.3,  655.1,  655.7,  656.0,  656.2,  621.8,  638.7,  655.5,  672.8,  688.9,  543.9,  563.0,  586.2,  605.1,  585.8,  563.2,  705.3,  724.2,  747.3,  765.9,  748.8,  726.6,  589.3,  614.8,  638.9,  655.4,  673.4,  699.3,  722.5,  700.0,  675.2,  655.8,  637.7,  614.2,  600.7,  638.0,  655.0,  673.3,  712.4,  673.1,  654.8,  637.7,  369.7,  415.2,  460.2,  503.2,  541.3,  575.0,  600.3,  621.1,  629.5,  628.3,  615.7,  593.3,  559.8,  515.5,  465.1,  412.8,  361.2,  320.9,  298.9,  289.6,  290.1,  294.7,  294.0,  286.5,  286.7,  296.4,  316.7,  334.0,  361.5,  388.8,  417.2,  446.3,  451.6,  455.9,  451.8,  447.6,  349.1,  336.8,  335.7,  347.4,  353.0,  354.2,  347.2,  334.6,  336.0,  347.5,  353.0,  352.4,  515.2,  498.2,  491.0,  495.1,  491.4,  500.9,  515.9,  532.0,  536.8,  537.3,  535.5,  529.0,  514.8,  508.8,  510.1,  508.8,  515.6,  512.9,  513.3,  511.5,  -77.5,  -77.0,  -74.8,  -70.5,  -61.9,  -48.6,  -31.8,  -13.7,  5.3,  24.0,  42.3,  59.4,  73.5,  81.7,  85.2,  87.6,  89.4,  -56.0,  -46.9,  -34.6,  -21.7,  -9.6,  21.8,  35.1,  47.8,  59.5,  67.9,  5.9,  6.0,  6.0,  5.9,  -6.9,  -0.5,  5.9,  12.4,  18.6,  -39.5,  -31.4,  -21.9,  -14.2,  -21.9,  -31.2,  26.4,  33.9,  43.4,  51.2,  43.8,  34.9,  -20.1,  -9.6,  -0.4,  5.8,  12.6,  22.7,  32.5,  22.8,  13.2,  5.9,  -0.9,  -9.9,  -15.4,  -0.7,  5.7,  12.6,  28.2,  12.4,  5.5,  -0.9,  4.4,  25.1,  45.5,  64.6,  80.2,  92.5,  99.1,  103.3,  105.7,  107.6,  107.4,  101.5,  89.0,  69.8,  47.1,  23.6,  0.5,  -16.5,  -25.3,  -28.8,  -28.2,  -25.9,  -26.1,  -29.5,  -29.7,  -25.9,  -17.8,  -10.2,  0.6,  10.8,  20.9,  32.9,  34.7,  36.2,  34.8,  33.4,  -4.5,  -9.5,  -9.9,  -5.1,  -2.8,  -2.4,  -5.2,  -10.2,  -9.7,  -5.1,  -2.8,  -3.0,  61.4,  52.9,  49.5,  50.8,  49.4,  53.9,  61.3,  65.5,  66.1,  66.2,  65.8,  64.6,  60.8,  56.4,  56.6,  56.1,  60.7,  57.5,  57.6,  57.2,  399.6,  397.7,  397.1,  394.6,  387.2,  376.4,  360.9,  346.0,  343.1,  350.8,  367.7,  380.8,  389.5,  392.7,  392.1,  390.7,  392.1,  368.4,  362.9,  358.3,  352.7,  346.9,  346.3,  350.7,  354.8,  356.8,  359.7,  342.4,  335.3,  327.6,  320.4,  333.9,  331.7,  330.0,  331.5,  333.3,  359.7,  357.4,  356.1,  355.1,  354.4,  355.9,  353.2,  352.7,  353.4,  355.7,  352.5,  352.0,  346.2,  334.9,  330.3,  328.9,  329.0,  334.9,  344.1,  333.3,  327.2,  326.5,  328.1,  334.4,  343.7,  331.4,  330.2,  330.2,  341.4,  329.1,  328.6,  330.3,  2.487,  -0.056,  0.015,  0.011,  655.130,  441.435,  -8.529,  -5.820,  -18.129,  -10.202,  -7.092,  2.073,  -0.628,  1.721,  6.972,  -2.183,  -7.764,  -6.597,  7.184,  -7.150,  0.126,  1.687,  3.004,  0.097,  -1.041,  -4.175,  0.241,  0.131,  0.852,  1.221,  -0.803,  1.184,  -0.983,  -0.273,  -0.395,  -0.458,  0.326,  -0.950,  0.074,  0.469, 0.00, 0.02, 0.00, 0.08, 0.00, 0.19, 0.00, 0.00, 0.00, 0.00, 0.04, 0.42, 0.42, 0.47, 0.09, 0.47, 0.00, 0.00, 0.00, 0.00, 1.00, 0.00, 0.00, 0.00, 0.00, 0.00, 0.00, 0.00, 0.00, 0.00, 0.00, 0.00, 0.00, 0.00, 0.00
9,  0,  0.267,  0.98,  1,  0.023765,  -0.070829,  -0.997205,  -0.143206,  0.044525,  -0.988691,  -0.060,  -0.013,  557.4,  562.1,  573.4,  584.8,  589.4,  585.6,  573.4,  562.0,  545.6,  551.9,  561.4,  573.8,  586.3,  595.6,  601.7,  594.6,  583.8,  571.8,  561.0,  551.8,  568.8,  573.6,  578.5,  580.5,  578.5,  573.7,  568.8,  566.7,  714.1,  718.7,  731.0,  744.0,  749.9,  745.3,  733.0,  719.0,  705.1,  712.2,  722.3,  735.5,  747.7,  756.8,  763.4,  757.0,  748.6,  738.0,  725.6,  714.1,  725.5,  732.1,  738.4,  740.7,  737.7,  731.1,  724.8,  722.4,  341.2,  330.3,  325.4,  329.6,  340.3,  352.2,  356.1,  351.9,  349.2,  342.0,  337.4,  334.7,  336.4,  341.0,  347.4,  351.3,  352.5,  353.5,  353.7,  352.6,  346.4,  348.1,  346.1,  341.4,  336.8,  335.0,  337.1,  341.8,  343.3,  330.5,  325.0,  330.1,  342.8,  355.6,  361.1,  357.1,  348.5,  340.4,  335.6,  334.0,  336.4,  340.7,  347.5,  349.9,  351.2,  351.7,  351.4,  350.7,  350.3,  352.9,  350.1,  343.6,  337.1,  334.5,  337.3,  343.8,  -31.1,  -29.5,  -25.2,  -20.9,  -19.0,  -20.4,  -24.9,  -29.2,  -35.9,  -33.3,  -29.6,  -24.9,  -20.2,  -16.7,  -14.4,  -17.0,  -21.0,  -25.5,  -29.6,  -33.3,  -26.8,  -25.0,  -23.1,  -22.4,  -23.2,  -25.1,  -26.9,  -27.6,  25.8,  27.5,  32.0,  36.6,  38.6,  36.8,  32.4,  27.5,  22.7,  25.1,  28.6,  33.3,  37.7,  41.2,  43.9,  41.2,  37.9,  34.0,  29.6,  25.8,  29.9,  32.2,  34.5,  35.4,  34.4,  32.0,  29.7,  28.9,  -7.1,  -11.3,  -13.1,  -11.5,  -7.4,  -2.9,  -1.5,  -3.0,  -4.1,  -6.8,  -8.5,  -9.5,  -8.9,  -7.2,  -4.7,  -3.3,  -2.8,  -2.4,  -2.4,  -2.8,  -5.1,  -4.5,  -5.2,  -7.0,  -8.8,  -9.5,  -8.7,  -6.9,  -5.8,  -10.3,  -12.3,  -10.5,  -6.0,  -1.5,  0.4,  -1.0,  -4.0,  -6.8,  -8.5,  -9.1,  -8.3,  -6.8,  -4.5,  -3.5,  -3.1,  -2.9,  -3.0,  -3.2,  -3.4,  -2.5,  -3.5,  -5.8,  -8.1,  -9.0,  -8.0,  -5.7,  329.8,  331.1,  331.3,  330.3,  328.6,  327.5,  327.1,  328.1,  332.9,  331.1,  329.3,  328.4,  328.7,  329.5,  330.4,  328.5,  326.8,  326.5,  327.9,  330.4,  329.5,  329.1,  329.2,  329.7,  330.5,  330.9,  330.8,  330.2,  305.0,  306.3,  307.5,  307.8,  307.1,  305.8,  304.6,  304.4,  305.1,  304.7,  304.5,  304.9,  306.4,  308.7,  310.9,  308.2,  305.5,  303.5,  303.1,  304.0,  305.9,  306.1,  306.7,  307.4,  307.8,  307.6,  307.0,  306.3,  5.3,  30.9,  341.6,  -0.187,  0.025,  0.011,  469.7,  470.0,  474.8,  483.6,  499.8,  526.9,  562.7,  605.6,  653.8,  700.3,  741.1,  776.5,  804.8,  821.5,  829.4,  835.4,  838.6,  505.8,  526.0,  554.4,  584.9,  614.4,  693.5,  726.2,  756.5,  784.7,  804.3,  653.8,  654.4,  654.6,  654.7,  620.5,  637.3,  654.2,  671.6,  687.7,  542.6,  561.8,  584.9,  604.0,  584.6,  562.0,  703.9,  722.9,  746.1,  764.9,  747.6,  725.4,  588.4,  613.5,  637.5,  653.9,  672.0,  697.8,  721.1,  698.5,  673.8,  654.4,  636.3,  612.9,  599.8,  636.7,  653.6,  671.9,  710.9,  671.7,  653.4,  636.3,  370.1,  415.7,  461.0,  504.3,  542.4,  576.2,  601.3,  621.5,  629.5,  628.0,  615.3,  592.9,  559.5,  515.4,  465.1,  412.8,  361.2,  320.5,  298.6,  289.4,  290.0,  294.7,  293.9,  286.3,  286.4,  296.0,  316.2,  333.9,  361.5,  388.7,  417.2,  446.4,  451.7,  455.9,  451.8,  447.6,  349.2,  336.9,  335.8,  347.5,  353.1,  354.4,  347.2,  334.5,  335.9,  347.4,  353.0,  352.4,  516.0,  498.6,  491.2,  495.3,  491.5,  501.2,  516.5,  532.6,  537.5,  538.0,  536.2,  529.8,  515.4,  509.0,  510.2,  508.9,  516.1,  513.4,  513.9,  512.1,  -77.8,  -77.3,  -75.0,  -70.6,  -62.0,  -48.6,  -31.8,  -13.6,  5.4,  24.1,  42.4,  59.3,  73.2,  81.3,  84.6,  87.0,  88.8,  -56.4,  -47.2,  -35.0,  -22.2,  -10.1,  21.1,  34.5,  47.1,  58.9,  67.4,  5.4,  5.5,  5.5,  5.4,  -7.4,  -1.0,  5.4,  11.9,  18.1,  -40.0,  -31.9,  -22.4,  -14.6,  -22.4,  -31.7,  25.7,  33.3,  42.8,  50.7,  43.3,  34.3,  -20.4,  -10.1,  -0.9,  5.2,  12.0,  22.1,  31.8,  22.2,  12.6,  5.4,  -1.4,  -10.3,  -15.7,  -1.3,  5.1,  12.0,  27.6,  11.9,  5.0,  -1.4,  4.6,  25.3,  45.8,  65.1,  80.7,  93.0,  99.4,  103.2,  105.4,  107.2,  107.0,  101.1,  88.6,  69.6,  46.9,  23.5,  0.5,  -16.6,  -25.4,  -28.8,  -28.2,  -25.8,  -26.1,  -29.4,  -29.8,  -26.1,  -18.0,  -10.2,  0.6,  10.7,  20.9,  32.9,  34.7,  36.1,  34.7,  33.3,  -4.4,  -9.4,  -9.8,  -5.1,  -2.8,  -2.3,  -5.2,  -10.2,  -9.7,  -5.1,  -2.8,  -3.1,  61.6,  52.9,  49.4,  50.7,  49.3,  53.9,  61.4,  65.5,  66.2,  66.3,  65.9,  64.7,  60.9,  56.3,  56.5,  56.0,  60.7,  57.6,  57.7,  57.3,  399.7,  397.8,  397.1,  394.6,  387.2,  376.4,  360.5,  345.4,  342.3,  349.9,  366.9,  379.9,  388.6,  391.7,  391.0,  389.6,  391.1,  367.9,  362.4,  357.7,  352.0,  346.0,  345.2,  349.8,  353.9,  356.1,  359.1,  341.6,  334.5,  326.8,  319.5,  333.2,  330.9,  329.2,  330.7,  332.5,  359.3,  357.0,  355.6,  354.6,  353.9,  355.4,  352.4,  351.9,  352.7,  355.0,  351.8,  351.2,  345.4,  334.0,  329.4,  327.9,  328.0,  333.9,  343.0,  332.3,  326.4,  325.7,  327.4,  333.7,  342.9,  330.5,  329.2,  329.3,  340.4,  328.3,  327.9,  329.6,  2.492,  -0.056,  0.021,  0.009,  654.108,  441.612,  -7.702,  -4.691,  -18.278,  -9.299,  -6.893,  1.558,  -0.365,  2.103,  6.752,  -2.013,  -7.178,  -6.768,  7.063,  -7.028,  0.179,  2.252,  3.135,  0.298,  -1.356,  -4.264,  0.030,  0.220,  0.703,  1.046,  -0.931,  1.407,  -0.998,  -0.400,  -0.470,  -0.426,  0.312,  -0.912,  0.042,  0.470, 0.00, 0.02, 0.00, 0.21, 0.00, 0.25, 0.00, 0.00, 0.00, 0.00, 0.04, 0.39, 0.44, 0.41, 0.08, 0.32, 0.05, 0.00, 0.00, 0.00, 1.00, 0.00, 0.00, 0.00, 0.00, 0.00, 0.00, 0.00, 0.00, 0.00, 0.00, 0.00, 0.00, 0.00, 0.00
10,  0,  0.300,  0.98,  1,  0.030835,  -0.066591,  -0.997304,  -0.151047,  0.040628,  -0.987691,  -0.060,  -0.013,  556.2,  560.9,  572.2,  583.5,  588.1,  584.3,  572.1,  560.8,  544.3,  550.5,  560.0,  572.4,  584.9,  594.2,  600.2,  593.2,  582.3,  570.3,  559.6,  550.4,  567.5,  572.3,  577.2,  579.2,  577.2,  572.4,  567.5,  565.5,  712.5,  717.2,  729.7,  742.7,  748.6,  743.9,  731.4,  717.5,  703.9,  710.9,  720.9,  734.1,  746.5,  755.7,  762.4,  756.0,  747.4,  736.8,  724.3,  712.8,  724.1,  730.7,  737.0,  739.3,  736.4,  729.8,  723.4,  721.1,  341.4,  330.4,  325.6,  329.8,  340.6,  352.6,  356.4,  352.2,  349.2,  342.1,  337.6,  335.0,  336.6,  341.1,  347.6,  351.5,  352.7,  353.7,  353.8,  352.7,  346.5,  348.4,  346.3,  341.6,  337.0,  335.1,  337.2,  341.9,  343.1,  330.3,  324.9,  330.0,  342.6,  355.4,  360.8,  356.8,  348.2,  340.3,  335.6,  334.0,  336.4,  340.7,  347.4,  350.0,  351.3,  351.9,  351.5,  350.7,  350.1,  352.6,  349.9,  343.4,  337.0,  334.4,  337.2,  343.6,  -31.7,  -30.0,  -25.7,  -21.4,  -19.5,  -20.9,  -25.5,  -29.8,  -36.5,  -34.0,  -30.2,  -25.5,  -20.8,  -17.3,  -15.1,  -17.6,  -21.6,  -26.1,  -30.3,  -34.0,  -27.4,  -25.5,  -23.7,  -23.0,  -23.8,  -25.6,  -27.5,  -28.2,  25.3,  27.0,  31.5,  36.1,  38.1,  36.3,  31.8,  26.9,  22.3,  24.7,  28.2,  32.8,  37.3,  40.8,  43.4,  40.8,  37.5,  33.6,  29.2,  25.3,  29.4,  31.7,  34.0,  34.9,  33.9,  31.6,  29.3,  28.4,  -7.0,  -11.2,  -13.1,  -11.4,  -7.3,  -2.8,  -1.3,  -2.9,  -4.1,  -6.8,  -8.5,  -9.4,  -8.8,  -7.1,  -4.7,  -3.2,  -2.7,  -2.3,  -2.3,  -2.8,  -5.1,  -4.4,  -5.2,  -7.0,  -8.7,  -9.4,  -8.6,  -6.8,  -5.9,  -10.4,  -12.4,  -10.6,  -6.1,  -1.6,  0.3,  -1.1,  -4.1,  -6.9,  -8.5,  -9.1,  -8.3,  -6.8,  -4.5,  -3.5,  -3.0,  -2.8,  -3.0,  -3.2,  -3.5,  -2.6,  -3.5,  -5.8,  -8.1,  -9.0,  -8.0,  -5.7,  330.7,  331.9,  332.1,  331.1,  329.6,  328.6,  328.2,  329.2,  334.0,  332.2,  330.3,  329.3,  329.7,  330.5,  331.4,  329.6,  327.9,  327.7,  329.1,  331.5,  330.5,  330.1,  330.2,  330.7,  331.4,  331.8,  331.7,  331.2,  305.1,  306.4,  307.5,  307.7,  306.9,  305.5,  304.5,  304.4,  305.3,  304.9,  304.7,  304.9,  306.3,  308.5,  310.6,  308.0,  305.4,  303.4,  303.2,  304.1,  305.9,  306.0,  306.6,  307.3,  307.7,  307.6,  307.1,  306.4,  4.9,  31.1,  341.1,  -0.185,  0.025,  0.009,  468.7,  469.1,  473.9,  482.9,  499.4,  526.5,  561.7,  603.9,  651.8,  698.4,  739.5,  775.4,  803.9,  820.7,  828.7,  834.6,  837.8,  504.2,  524.1,  552.4,  582.9,  612.5,  692.1,  724.8,  755.1,  783.3,  802.8,  652.4,  652.9,  653.2,  653.3,  619.0,  635.9,  653.0,  670.5,  686.7,  541.1,  560.3,  583.5,  602.6,  583.2,  560.5,  702.7,  721.7,  745.0,  763.7,  746.4,  724.1,  587.1,  612.1,  636.3,  653.0,  671.3,  697.4,  720.7,  698.2,  673.3,  653.5,  635.2,  611.5,  598.5,  635.6,  652.7,  671.3,  710.4,  671.1,  652.5,  635.2,  370.1,  416.0,  461.6,  505.1,  543.4,  577.2,  602.5,  623.0,  630.9,  629.3,  615.9,  592.9,  559.1,  514.8,  464.5,  412.4,  361.0,  321.0,  299.1,  289.6,  290.0,  294.7,  294.0,  286.4,  286.4,  295.9,  316.0,  334.1,  361.6,  388.8,  417.2,  447.0,  452.2,  456.4,  452.2,  448.0,  349.5,  337.1,  336.0,  347.6,  353.2,  354.5,  347.2,  334.5,  335.9,  347.3,  352.9,  352.3,  517.0,  499.3,  491.6,  495.7,  491.9,  501.6,  517.2,  533.8,  539.1,  539.8,  538.0,  531.3,  516.4,  510.1,  511.3,  509.9,  516.8,  514.3,  514.8,  513.0,  -78.0,  -77.5,  -75.2,  -70.8,  -62.1,  -48.8,  -32.2,  -14.3,  4.6,  23.3,  41.6,  58.7,  72.6,  80.7,  84.1,  86.5,  88.2,  -57.0,  -47.9,  -35.8,  -22.9,  -10.9,  20.5,  33.9,  46.5,  58.2,  66.7,  4.8,  4.9,  4.9,  4.8,  -8.0,  -1.5,  4.9,  11.5,  17.7,  -40.5,  -32.4,  -22.9,  -15.1,  -22.9,  -32.2,  25.2,  32.8,  42.2,  50.1,  42.7,  33.7,  -20.9,  -10.6,  -1.4,  4.9,  11.7,  21.9,  31.6,  22.1,  12.4,  5.0,  -1.8,  -10.8,  -16.2,  -1.7,  4.8,  11.8,  27.4,  11.6,  4.7,  -1.8,  4.6,  25.4,  46.0,  65.3,  81.0,  93.3,  99.8,  103.8,  106.0,  107.6,  107.1,  100.9,  88.2,  69.1,  46.6,  23.3,  0.5,  -16.4,  -25.2,  -28.7,  -28.1,  -25.8,  -26.0,  -29.4,  -29.7,  -26.0,  -18.0,  -10.1,  0.6,  10.8,  20.9,  33.1,  34.8,  36.2,  34.8,  33.4,  -4.3,  -9.3,  -9.7,  -5.0,  -2.7,  -2.2,  -5.1,  -10.2,  -9.7,  -5.1,  -2.8,  -3.1,  61.9,  53.1,  49.4,  50.8,  49.3,  53.9,  61.5,  65.9,  66.7,  66.8,  66.5,  65.3,  61.2,  56.6,  56.8,  56.3,  60.9,  57.8,  57.9,  57.5,  398.6,  396.9,  396.4,  394.1,  386.6,  375.9,  360.2,  345.4,  342.3,  349.7,  366.3,  379.2,  387.8,  390.8,  390.1,  388.8,  390.4,  367.2,  361.7,  357.0,  351.4,  345.6,  345.0,  349.4,  353.5,  355.5,  358.3,  341.1,  334.0,  326.3,  319.0,  332.7,  330.4,  328.6,  330.2,  332.0,  358.6,  356.2,  354.8,  353.8,  353.1,  354.7,  351.8,  351.3,  352.0,  354.3,  351.1,  350.6,  345.0,  333.5,  328.7,  327.2,  327.3,  333.2,  342.5,  331.9,  326.0,  325.3,  327.0,  333.3,  342.4,  330.0,  328.7,  328.7,  339.9,  327.7,  327.3,  329.1,  2.496,  -0.054,  0.021,  0.007,  652.931,  442.075,  -8.877,  -4.793,  -17.867,  -8.609,  -7.195,  0.957,  -0.638,  1.924,  6.854,  -1.988,  -7.246,  -5.938,  7.561,  -6.663,  -0.008,  1.885,  2.972,  -0.166,  -0.757,  -4.792,  0.411,  -0.235,  0.850,  1.101,  -0.690,  1.314,  -1.034,  -0.456,  -0.482,  -0.451,  0.253,  -0.941,  -0.000,  0.482, 0.00, 0.02, 0.00, 0.20, 0.00, 0.28, 0.00, 0.00, 0.00, 0.00, 0.02, 0.31, 0.42, 0.32, 0.17, 0.39, 0.11, 0.00, 0.00, 0.00, 1.00, 0.00, 0.00, 0.00, 0.00, 0.00, 0.00, 0.00, 0.00, 0.00, 0.00, 0.00, 0.00, 0.00, 0.00
11,  0,  0.334,  0.98,  1,  0.029906,  -0.067343,  -0.997282,  -0.146729,  0.038355,  -0.988433,  -0.059,  -0.015,  554.8,  559.5,  570.8,  582.2,  586.9,  583.1,  570.9,  559.6,  543.0,  549.2,  558.7,  571.0,  583.5,  592.9,  598.9,  592.0,  581.1,  569.1,  558.3,  549.0,  566.2,  571.1,  575.9,  577.9,  575.9,  571.0,  566.2,  564.2,  711.5,  716.1,  728.5,  741.4,  747.3,  742.7,  730.3,  716.4,  702.8,  709.7,  719.7,  732.8,  745.1,  754.4,  761.0,  754.5,  745.9,  735.3,  722.9,  711.6,  723.0,  729.5,  735.9,  738.2,  735.2,  728.6,  722.3,  720.0,  341.8,  330.8,  326.0,  330.1,  340.8,  352.8,  356.7,  352.5,  349.7,  342.6,  337.9,  335.3,  337.0,  341.6,  348.0,  351.9,  353.1,  354.1,  354.2,  353.2,  346.9,  348.7,  346.6,  341.9,  337.3,  335.5,  337.6,  342.3,  343.3,  330.5,  325.0,  330.0,  342.5,  355.3,  360.8,  356.9,  348.4,  340.4,  335.7,  334.2,  336.5,  340.8,  347.5,  350.1,  351.5,  352.1,  351.7,  350.8,  350.1,  352.7,  349.9,  343.4,  337.0,  334.4,  337.2,  343.7,  -32.2,  -30.5,  -26.2,  -21.9,  -20.0,  -21.3,  -25.9,  -30.2,  -37.0,  -34.4,  -30.7,  -25.9,  -21.3,  -17.8,  -15.5,  -18.1,  -22.0,  -26.5,  -30.7,  -34.4,  -27.8,  -26.0,  -24.1,  -23.4,  -24.2,  -26.1,  -27.9,  -28.7,  25.1,  26.9,  31.4,  35.9,  37.9,  36.2,  31.7,  26.8,  22.1,  24.5,  28.0,  32.6,  37.1,  40.6,  43.3,  40.6,  37.3,  33.3,  29.0,  25.1,  29.3,  31.6,  33.9,  34.8,  33.8,  31.4,  29.1,  28.2,  -6.9,  -11.1,  -12.9,  -11.3,  -7.2,  -2.7,  -1.2,  -2.8,  -3.9,  -6.6,  -8.3,  -9.3,  -8.7,  -7.0,  -4.5,  -3.0,  -2.6,  -2.2,  -2.2,  -2.6,  -4.9,  -4.3,  -5.1,  -6.8,  -8.6,  -9.3,  -8.5,  -6.7,  -5.9,  -10.4,  -12.4,  -10.6,  -6.2,  -1.6,  0.3,  -1.1,  -4.1,  -6.9,  -8.5,  -9.1,  -8.3,  -6.8,  -4.5,  -3.5,  -3.0,  -2.8,  -2.9,  -3.2,  -3.5,  -2.6,  -3.6,  -5.9,  -8.2,  -9.1,  -8.1,  -5.7,  330.3,  331.6,  331.8,  330.8,  329.3,  328.1,  327.7,  328.7,  333.5,  331.8,  329.9,  329.1,  329.4,  330.2,  331.1,  329.2,  327.5,  327.2,  328.6,  331.0,  330.1,  329.7,  329.8,  330.3,  331.0,  331.4,  331.3,  330.8,  307.7,  308.9,  309.9,  310.1,  309.3,  308.1,  307.1,  307.1,  308.1,  307.5,  307.2,  307.4,  308.7,  310.9,  312.9,  310.5,  307.9,  306.0,  305.8,  306.8,  308.5,  308.6,  309.1,  309.8,  310.2,  310.1,  309.6,  308.9,  4.4,  31.4,  340.8,  -0.185,  0.029,  0.007,  468.0,  468.5,  473.6,  482.8,  499.7,  527.0,  561.8,  603.1,  650.4,  696.9,  738.3,  774.5,  803.2,  820.2,  828.0,  833.8,  836.9,  502.8,  522.7,  551.0,  581.7,  611.4,  690.4,  723.2,  753.6,  782.0,  801.5,  650.9,  651.4,  651.6,  651.7,  617.9,  634.7,  651.5,  668.8,  685.0,  539.8,  559.0,  582.2,  601.3,  581.9,  559.2,  701.4,  720.3,  743.6,  762.5,  745.0,  722.7,  585.7,  610.4,  634.6,  651.5,  670.1,  696.5,  719.8,  697.3,  672.1,  652.0,  633.4,  609.7,  597.2,  633.9,  651.3,  670.2,  709.5,  670.0,  651.0,  633.5,  370.7,  417.1,  463.3,  507.1,  545.3,  578.6,  603.6,  624.2,  632.5,  631.1,  617.4,  593.8,  559.7,  515.2,  464.8,  412.5,  360.9,  321.5,  299.4,  289.8,  290.2,  294.9,  294.2,  286.3,  286.4,  295.9,  315.9,  334.1,  361.6,  388.7,  417.0,  447.6,  452.6,  456.8,  452.7,  448.6,  349.9,  337.5,  336.3,  347.9,  353.5,  354.9,  347.3,  334.8,  336.1,  347.5,  353.1,  352.5,  518.0,  500.2,  492.4,  496.7,  492.8,  502.6,  518.1,  536.1,  542.3,  543.0,  541.1,  533.6,  517.4,  511.4,  512.7,  511.3,  517.9,  516.5,  517.1,  515.2,  -78.3,  -77.7,  -75.4,  -70.8,  -62.0,  -48.5,  -32.1,  -14.6,  4.1,  22.7,  41.1,  58.1,  72.1,  80.1,  83.5,  85.8,  87.5,  -57.6,  -48.5,  -36.3,  -23.4,  -11.3,  19.9,  33.2,  45.8,  57.6,  65.9,  4.3,  4.3,  4.3,  4.2,  -8.4,  -2.0,  4.3,  10.9,  17.0,  -41.0,  -32.9,  -23.4,  -15.6,  -23.4,  -32.7,  24.6,  32.2,  41.6,  49.5,  42.0,  33.1,  -21.4,  -11.3,  -2.0,  4.3,  11.2,  21.5,  31.1,  21.7,  12.0,  4.5,  -2.5,  -11.5,  -16.7,  -2.3,  4.2,  11.3,  26.9,  11.2,  4.1,  -2.5,  4.9,  25.9,  46.8,  66.3,  81.8,  93.7,  100.0,  104.1,  106.5,  108.2,  107.5,  101.1,  88.2,  69.1,  46.5,  23.3,  0.4,  -16.2,  -25.0,  -28.6,  -28.0,  -25.7,  -25.9,  -29.4,  -29.7,  -26.0,  -18.0,  -10.1,  0.6,  10.7,  20.8,  33.2,  34.9,  36.3,  34.9,  33.6,  -4.2,  -9.1,  -9.6,  -4.9,  -2.6,  -2.1,  -5.1,  -10.1,  -9.6,  -5.0,  -2.8,  -3.0,  62.2,  53.4,  49.7,  51.0,  49.6,  54.2,  61.7,  66.7,  67.9,  68.1,  67.7,  66.1,  61.5,  57.1,  57.3,  56.8,  61.2,  58.6,  58.7,  58.3,  398.1,  396.6,  396.4,  394.2,  386.3,  375.1,  359.3,  344.8,  341.9,  349.2,  365.6,  378.2,  386.3,  389.2,  388.4,  387.2,  388.8,  367.1,  361.5,  356.8,  351.1,  345.3,  344.6,  348.9,  352.9,  354.7,  357.3,  340.7,  333.6,  325.8,  318.5,  332.3,  329.9,  328.2,  329.7,  331.4,  358.3,  355.8,  354.4,  353.5,  352.8,  354.4,  351.3,  350.6,  351.2,  353.4,  350.3,  350.0,  344.5,  333.1,  328.3,  326.7,  326.8,  332.5,  341.5,  331.6,  326.0,  325.4,  327.1,  333.3,  342.0,  329.7,  328.4,  328.4,  339.1,  327.5,  327.2,  328.9,  2.500,  -0.053,  0.029,  0.005,  651.749,  442.938,  -11.424,  -4.160,  -17.439,  -7.623,  -6.704,  0.401,  -0.104,  2.104,  7.450,  -2.018,  -6.970,  -6.658,  8.050,  -6.418,  -0.712,  1.653,  2.591,  -0.521,  -0.809,  -5.422,  0.520,  -0.659,  1.001,  1.742,  -0.562,  1.151,  -1.151,  -0.632,  -0.450,  -0.387,  0.097,  -0.903,  0.066,  0.462, 0.00, 0.00, 0.00, 0.20, 0.00, 0.26, 0.00, 0.00, 0.00, 0.00, 0.01, 0.21, 0.54, 0.19, 0.27, 0.51, 0.21, 0.00, 0.00, 0.00, 1.00, 0.00, 0.00, 0.00, 0.00, 0.00, 0.00, 0.00, 0.00, 1.00, 0.00, 0.00, 0.00, 0.00, 0.00
12,  0,  0.367,  0.98,  1,  0.025235,  -0.072266,  -0.997066,  -0.145809,  0.046197,  -0.988234,  -0.061,  -0.013,  553.6,  558.3,  569.6,  580.8,  585.5,  581.6,  569.5,  558.2,  541.8,  547.9,  557.4,  569.8,  582.4,  591.8,  597.8,  590.8,  579.8,  567.6,  556.8,  547.7,  565.0,  569.8,  574.6,  576.6,  574.6,  569.8,  565.0,  563.0,  710.5,  715.1,  727.4,  740.3,  746.1,  741.4,  729.1,  715.3,  701.6,  708.6,  718.6,  731.7,  744.0,  753.2,  759.7,  753.2,  744.8,  734.2,  721.8,  710.5,  721.8,  728.4,  734.7,  737.0,  734.0,  727.5,  721.2,  718.8,  342.1,  331.1,  326.2,  330.4,  341.1,  353.1,  356.9,  352.8,  350.0,  342.8,  338.1,  335.6,  337.4,  342.1,  348.5,  352.5,  353.6,  354.6,  354.7,  353.5,  347.1,  348.9,  346.8,  342.1,  337.6,  335.8,  337.9,  342.5,  343.9,  331.0,  325.5,  330.5,  343.2,  356.1,  361.6,  357.6,  348.7,  340.8,  336.1,  334.5,  336.9,  341.1,  347.7,  350.4,  351.8,  352.5,  352.1,  351.2,  350.7,  353.3,  350.5,  343.9,  337.4,  334.9,  337.7,  344.3,  -32.5,  -30.9,  -26.6,  -22.3,  -20.5,  -21.8,  -26.3,  -30.6,  -37.4,  -34.9,  -31.1,  -26.3,  -21.6,  -18.1,  -15.9,  -18.5,  -22.5,  -27.0,  -31.2,  -34.9,  -28.2,  -26.4,  -24.6,  -23.9,  -24.7,  -26.5,  -28.3,  -29.0,  24.8,  26.5,  30.9,  35.5,  37.5,  35.7,  31.3,  26.4,  21.7,  24.1,  27.6,  32.2,  36.7,  40.2,  42.8,  40.2,  36.9,  32.9,  28.6,  24.7,  28.8,  31.2,  33.5,  34.3,  33.3,  31.0,  28.7,  27.8,  -6.8,  -10.9,  -12.8,  -11.2,  -7.1,  -2.6,  -1.1,  -2.7,  -3.8,  -6.5,  -8.2,  -9.2,  -8.5,  -6.7,  -4.3,  -2.8,  -2.4,  -2.0,  -2.0,  -2.4,  -4.9,  -4.2,  -5.0,  -6.7,  -8.5,  -9.1,  -8.4,  -6.6,  -5.7,  -10.2,  -12.2,  -10.4,  -5.9,  -1.4,  0.6,  -0.8,  -4.0,  -6.8,  -8.4,  -8.9,  -8.2,  -6.7,  -4.4,  -3.4,  -2.9,  -2.6,  -2.8,  -3.1,  -3.3,  -2.4,  -3.4,  -5.7,  -8.0,  -8.9,  -7.9,  -5.6,  329.5,  330.6,  330.7,  329.7,  328.2,  327.2,  326.9,  327.9,  333.0,  331.1,  329.1,  328.1,  328.4,  329.2,  330.0,  328.2,  326.6,  326.5,  328.0,  330.4,  329.2,  328.8,  328.8,  329.3,  330.0,  330.4,  330.4,  329.9,  307.5,  308.6,  309.6,  309.9,  309.4,  308.3,  307.3,  307.1,  307.8,  307.2,  307.0,  307.2,  308.6,  311.0,  313.2,  310.6,  308.0,  306.0,  305.7,  306.7,  308.5,  308.7,  309.2,  309.8,  310.1,  309.9,  309.4,  308.8,  4.0,  31.7,  340.4,  -0.188,  0.032,  0.005,  467.4,  468.0,  473.4,  482.8,  499.6,  526.9,  561.6,  602.7,  650.0,  696.6,  738.0,  774.0,  802.5,  819.2,  826.9,  832.8,  835.7,  501.3,  521.3,  549.6,  580.2,  609.9,  689.3,  722.1,  752.5,  780.9,  800.4,  649.7,  650.1,  650.2,  650.2,  616.6,  633.4,  650.2,  667.6,  683.8,  538.5,  557.7,  580.9,  600.2,  580.7,  558.0,  700.1,  719.1,  742.5,  761.4,  743.9,  721.5,  584.3,  608.4,  632.8,  650.2,  669.3,  696.1,  719.1,  697.0,  671.6,  650.9,  631.6,  607.8,  595.8,  632.2,  650.1,  669.5,  708.7,  669.4,  649.9,  631.8,  371.1,  418.2,  465.1,  509.3,  547.6,  580.9,  605.7,  626.0,  634.2,  632.7,  618.8,  594.8,  560.5,  515.7,  465.1,  412.7,  360.9,  321.8,  299.8,  290.3,  290.5,  295.2,  294.6,  286.7,  286.8,  295.9,  315.7,  334.4,  362.0,  389.4,  417.9,  448.5,  453.5,  457.7,  453.6,  449.4,  350.2,  337.9,  336.7,  348.3,  353.8,  355.2,  347.7,  335.1,  336.5,  347.8,  353.5,  352.9,  519.1,  500.8,  492.9,  497.3,  493.3,  503.2,  519.0,  538.0,  545.0,  545.9,  543.9,  535.8,  518.5,  512.3,  513.5,  512.2,  518.9,  518.4,  519.2,  517.2,  -78.4,  -77.8,  -75.4,  -70.8,  -61.9,  -48.4,  -32.1,  -14.7,  3.9,  22.5,  40.9,  57.8,  71.5,  79.4,  82.6,  84.9,  86.6,  -58.2,  -49.0,  -36.8,  -24.0,  -11.9,  19.4,  32.7,  45.3,  57.0,  65.4,  3.8,  3.8,  3.8,  3.7,  -8.9,  -2.5,  3.8,  10.4,  16.6,  -41.5,  -33.4,  -23.9,  -16.1,  -23.9,  -33.2,  24.1,  31.7,  41.1,  49.0,  41.5,  32.6,  -21.9,  -12.0,  -2.7,  3.8,  10.9,  21.2,  30.8,  21.6,  11.8,  4.0,  -3.1,  -12.3,  -17.2,  -2.9,  3.8,  11.1,  26.6,  11.0,  3.7,  -3.1,  5.0,  26.3,  47.6,  67.2,  82.7,  94.6,  100.7,  104.6,  106.9,  108.6,  107.8,  101.2,  88.2,  69.0,  46.5,  23.2,  0.4,  -16.0,  -24.9,  -28.4,  -27.8,  -25.6,  -25.8,  -29.2,  -29.5,  -25.9,  -18.1,  -10.0,  0.8,  10.9,  21.1,  33.6,  35.2,  36.6,  35.2,  33.8,  -4.0,  -9.0,  -9.4,  -4.7,  -2.5,  -1.9,  -4.9,  -9.9,  -9.4,  -4.9,  -2.6,  -2.8,  62.6,  53.5,  49.8,  51.1,  49.7,  54.3,  61.8,  67.3,  68.8,  69.1,  68.7,  66.9,  61.8,  57.3,  57.5,  57.0,  61.4,  59.2,  59.5,  59.1,  397.4,  396.0,  396.0,  393.9,  385.9,  374.6,  358.6,  344.0,  341.1,  348.4,  364.7,  377.0,  384.9,  387.7,  386.7,  385.5,  387.2,  366.9,  361.3,  356.6,  350.8,  345.0,  344.4,  348.5,  352.4,  354.2,  356.7,  340.5,  333.3,  325.6,  318.2,  332.1,  329.6,  327.8,  329.3,  331.0,  357.9,  355.5,  354.1,  353.1,  352.5,  354.0,  350.9,  350.2,  350.7,  352.8,  349.8,  349.5,  343.9,  332.5,  327.7,  326.0,  326.1,  331.7,  340.3,  331.0,  325.7,  325.1,  326.9,  333.0,  341.4,  329.2,  327.8,  327.8,  338.0,  327.2,  326.9,  328.7,  2.504,  -0.055,  0.035,  0.003,  650.713,  443.865,  -13.947,  -3.358,  -17.128,  -6.844,  -6.939,  -0.259,  -0.238,  2.455,  7.606,  -2.223,  -6.580,  -7.173,  8.601,  -5.483,  -0.664,  1.935,  2.366,  -0.496,  -0.937,  -5.824,  0.581,  -0.733,  0.655,  1.958,  -0.554,  1.364,  -1.508,  -0.664,  -0.439,  -0.333,  -0.064,  -0.959,  0.024,  0.471, 0.00, 0.00, 0.00, 0.05, 0.00, 0.31, 0.00, 0.00, 0.00, 0.00, 0.00, 0.18, 0.52, 0.07, 0.39, 0.63, 0.16, 0.00, 0.00, 0.00, 1.00, 0.00, 0.00, 0.00, 0.00, 0.00, 0.00, 0.00, 0.00, 1.00, 0.00, 0.00, 0.00, 0.00, 0.00
13,  0,  0.400,  0.98,  1,  0.025127,  -0.078643,  -0.996586,  -0.137172,  0.050694,  -0.989249,  -0.056,  -0.014,  552.4,  557.1,  568.5,  579.8,  584.5,  580.6,  568.5,  557.1,  540.2,  546.6,  556.3,  568.8,  581.4,  590.8,  596.9,  589.9,  579.0,  566.9,  555.9,  546.4,  563.9,  568.6,  573.4,  575.4,  573.4,  568.6,  563.9,  561.9,  709.8,  714.4,  726.8,  739.6,  745.4,  740.8,  728.5,  714.7,  700.6,  707.6,  717.6,  730.8,  743.1,  752.4,  759.0,  752.4,  744.0,  733.3,  720.9,  709.5,  721.2,  727.7,  734.0,  736.3,  733.3,  726.8,  720.5,  718.2,  342.1,  331.2,  326.4,  330.6,  341.2,  353.1,  356.8,  352.7,  350.4,  343.2,  338.4,  335.8,  337.6,  342.3,  348.8,  352.7,  353.8,  354.7,  354.9,  353.9,  347.1,  348.9,  346.9,  342.3,  337.8,  336.1,  338.1,  342.7,  344.2,  331.3,  325.8,  330.9,  343.6,  356.4,  362.0,  358.0,  349.2,  341.1,  336.4,  334.7,  337.1,  341.3,  348.0,  350.5,  351.9,  352.6,  352.2,  351.5,  351.1,  353.6,  350.8,  344.3,  337.8,  335.2,  338.0,  344.6,  -32.8,  -31.2,  -26.9,  -22.6,  -20.7,  -22.1,  -26.6,  -30.9,  -37.7,  -35.1,  -31.3,  -26.5,  -21.9,  -18.4,  -16.2,  -18.7,  -22.6,  -27.1,  -31.3,  -35.1,  -28.5,  -26.7,  -24.9,  -24.2,  -25.0,  -26.8,  -28.6,  -29.3,  24.5,  26.2,  30.6,  35.2,  37.2,  35.4,  31.0,  26.1,  21.2,  23.7,  27.1,  31.8,  36.3,  39.8,  42.5,  39.8,  36.5,  32.5,  28.2,  24.3,  28.5,  30.8,  33.1,  34.0,  33.0,  30.6,  28.4,  27.5,  -6.7,  -10.8,  -12.6,  -11.0,  -7.0,  -2.6,  -1.2,  -2.7,  -3.6,  -6.3,  -8.1,  -9.0,  -8.4,  -6.6,  -4.2,  -2.7,  -2.3,  -2.0,  -1.9,  -2.3,  -4.8,  -4.2,  -4.9,  -6.6,  -8.3,  -9.0,  -8.2,  -6.5,  -5.5,  -10.1,  -12.1,  -10.3,  -5.8,  -1.2,  0.7,  -0.7,  -3.8,  -6.6,  -8.3,  -8.8,  -8.1,  -6.6,  -4.3,  -3.4,  -2.8,  -2.6,  -2.7,  -3.0,  -3.1,  -2.2,  -3.2,  -5.6,  -7.8,  -8.7,  -7.7,  -5.4,  327.6,  329.0,  329.3,  328.3,  326.6,  325.4,  324.9,  325.9,  330.8,  329.0,  327.2,  326.4,  326.7,  327.6,  328.5,  326.5,  324.7,  324.4,  325.7,  328.1,  327.3,  326.9,  327.1,  327.7,  328.4,  328.8,  328.6,  328.1,  306.5,  307.6,  308.7,  309.1,  308.5,  307.4,  306.3,  306.1,  306.8,  306.2,  305.9,  306.3,  307.7,  310.1,  312.3,  309.7,  307.0,  305.1,  304.7,  305.6,  307.5,  307.7,  308.3,  308.9,  309.2,  309.0,  308.5,  307.8,  3.6,  31.7,  339.7,  -0.187,  0.033,  0.004,  466.3,  466.9,  472.4,  482.2,  499.5,  526.9,  561.6,  602.5,  649.7,  696.1,  737.4,  773.2,  801.7,  818.5,  826.3,  832.3,  835.2,  500.5,  520.4,  548.6,  579.1,  608.5,  688.1,  721.0,  751.6,  780.1,  799.7,  648.3,  648.6,  648.7,  648.6,  614.9,  631.8,  648.8,  666.5,  682.9,  537.3,  556.6,  579.9,  599.4,  579.7,  556.9,  698.9,  718.2,  741.7,  760.8,  743.1,  720.5,  583.4,  606.8,  631.2,  649.1,  668.8,  695.8,  718.5,  696.9,  671.4,  650.1,  630.3,  606.4,  595.0,  630.7,  649.0,  669.0,  708.0,  669.1,  648.9,  630.3,  371.1,  418.2,  465.3,  509.7,  548.2,  581.6,  606.8,  627.2,  635.3,  633.7,  619.5,  595.4,  560.9,  516.0,  465.2,  412.6,  360.7,  321.9,  299.8,  290.5,  290.9,  295.7,  294.9,  287.0,  286.9,  296.3,  316.4,  334.7,  362.0,  389.1,  417.2,  448.0,  453.0,  457.2,  453.1,  449.0,  350.4,  338.2,  337.0,  348.6,  354.0,  355.4,  348.0,  335.4,  336.8,  348.0,  353.6,  353.0,  519.8,  500.0,  491.5,  495.9,  491.8,  502.4,  519.5,  539.3,  546.9,  547.9,  545.9,  537.3,  519.0,  511.4,  512.6,  511.3,  519.3,  519.7,  520.5,  518.5,  -78.7,  -78.2,  -75.7,  -70.9,  -61.9,  -48.4,  -32.1,  -14.7,  3.8,  22.3,  40.6,  57.3,  71.0,  78.9,  82.2,  84.5,  86.2,  -58.4,  -49.3,  -37.1,  -24.4,  -12.4,  18.9,  32.2,  44.9,  56.6,  65.0,  3.2,  3.3,  3.2,  3.1,  -9.5,  -3.1,  3.3,  9.9,  16.2,  -42.0,  -33.8,  -24.3,  -16.4,  -24.3,  -33.6,  23.6,  31.2,  40.7,  48.6,  41.1,  32.1,  -22.2,  -12.6,  -3.3,  3.4,  10.7,  21.1,  30.4,  21.5,  11.7,  3.7,  -3.6,  -12.8,  -17.5,  -3.5,  3.4,  10.8,  26.2,  10.8,  3.3,  -3.6,  5.0,  26.3,  47.6,  67.3,  82.9,  94.8,  101.1,  105.0,  107.3,  108.9,  108.0,  101.3,  88.2,  69.0,  46.4,  23.1,  0.3,  -16.0,  -24.8,  -28.3,  -27.6,  -25.3,  -25.5,  -29.0,  -29.4,  -25.7,  -17.8,  -9.8,  0.8,  10.8,  20.8,  33.3,  35.0,  36.3,  34.9,  33.6,  -3.9,  -8.9,  -9.3,  -4.6,  -2.4,  -1.9,  -4.8,  -9.8,  -9.3,  -4.8,  -2.5,  -2.8,  62.7,  53.0,  49.1,  50.4,  48.9,  53.8,  61.8,  67.7,  69.4,  69.7,  69.3,  67.3,  61.9,  56.8,  57.0,  56.5,  61.3,  59.6,  59.8,  59.4,  396.7,  395.3,  395.3,  393.3,  385.4,  374.3,  358.3,  343.9,  340.9,  348.2,  364.3,  376.5,  384.2,  387.0,  385.8,  384.7,  386.5,  366.1,  360.5,  355.7,  350.0,  344.3,  343.4,  347.6,  351.6,  353.5,  356.0,  339.6,  332.5,  324.8,  317.4,  331.3,  328.9,  327.1,  328.5,  330.3,  357.4,  354.9,  353.5,  352.4,  351.9,  353.4,  349.9,  349.2,  349.8,  351.9,  348.8,  348.6,  343.2,  331.3,  326.5,  324.7,  324.8,  330.4,  339.2,  330.2,  325.0,  324.5,  326.3,  332.3,  340.5,  328.1,  326.6,  326.5,  337.0,  326.4,  326.1,  328.0,  2.510,  -0.054,  0.037,  0.002,  649.811,  444.117,  -13.436,  -3.308,  -15.651,  -5.851,  -7.454,  -2.338,  0.363,  2.857,  7.290,  -3.210,  -6.114,  -7.638,  8.954,  -5.129,  -0.825,  2.300,  2.414,  -0.517,  -0.525,  -6.473,  0.530,  -0.597,  0.477,  1.488,  -0.142,  1.369,  -1.600,  -0.685,  -0.448,  -0.374,  -0.002,  -0.939,  -0.011,  0.415, 0.00, 0.00, 0.00, 0.00, 0.00, 0.25, 0.00, 0.00, 0.00, 0.00, 0.00, 0.11, 0.55, 0.00, 0.68, 0.82, 0.10, 0.00, 0.00, 0.00, 1.00, 0.00, 0.00, 0.00, 0.00, 0.00, 0.00, 0.00, 0.00, 1.00, 0.00, 0.00, 0.00, 0.00, 0.00
14,  0,  0.434,  0.98,  1,  0.028139,  -0.085178,  -0.995968,  -0.132644,  0.040468,  -0.990337,  -0.053,  -0.023,  551.7,  556.3,  567.6,  578.9,  583.6,  579.8,  567.6,  556.4,  539.5,  545.8,  555.5,  568.0,  580.6,  589.9,  596.0,  589.0,  578.1,  566.1,  555.1,  545.7,  563.1,  567.8,  572.6,  574.6,  572.6,  567.8,  563.1,  561.1,  709.0,  713.5,  725.8,  738.7,  744.6,  740.1,  727.8,  714.0,  699.6,  706.8,  716.8,  730.0,  742.3,  751.4,  758.0,  751.6,  743.2,  732.5,  720.2,  708.7,  720.3,  726.9,  733.2,  735.5,  732.5,  725.8,  719.5,  717.2,  342.2,  331.3,  326.6,  330.7,  341.3,  353.1,  356.8,  352.7,  350.5,  343.2,  338.4,  335.8,  337.6,  342.4,  348.8,  352.8,  353.9,  354.8,  355.0,  354.0,  347.2,  348.9,  346.9,  342.4,  337.9,  336.2,  338.2,  342.7,  344.2,  331.2,  325.7,  330.7,  343.4,  356.3,  361.9,  357.9,  349.3,  341.3,  336.5,  334.8,  337.1,  341.3,  347.8,  350.5,  352.0,  352.7,  352.4,  351.6,  351.1,  353.7,  350.8,  344.2,  337.6,  335.1,  337.9,  344.6,  -33.2,  -31.5,  -27.3,  -23.0,  -21.1,  -22.5,  -26.9,  -31.2,  -38.1,  -35.5,  -31.7,  -26.9,  -22.3,  -18.8,  -16.6,  -19.1,  -23.0,  -27.5,  -31.7,  -35.5,  -28.9,  -27.0,  -25.3,  -24.6,  -25.4,  -27.2,  -29.0,  -29.7,  24.1,  25.7,  30.1,  34.7,  36.7,  35.0,  30.6,  25.8,  20.8,  23.3,  26.7,  31.4,  35.8,  39.3,  41.9,  39.3,  36.0,  32.1,  27.8,  23.9,  28.1,  30.4,  32.7,  33.6,  32.5,  30.2,  27.9,  27.0,  -6.7,  -10.8,  -12.6,  -11.0,  -7.0,  -2.6,  -1.2,  -2.7,  -3.6,  -6.3,  -8.1,  -9.1,  -8.4,  -6.6,  -4.2,  -2.7,  -2.3,  -1.9,  -1.9,  -2.3,  -4.8,  -4.1,  -4.9,  -6.6,  -8.3,  -9.0,  -8.2,  -6.5,  -5.5,  -10.1,  -12.1,  -10.3,  -5.8,  -1.3,  0.7,  -0.7,  -3.7,  -6.5,  -8.2,  -8.8,  -8.0,  -6.6,  -4.3,  -3.3,  -2.8,  -2.5,  -2.6,  -2.9,  -3.1,  -2.2,  -3.2,  -5.6,  -7.9,  -8.8,  -7.7,  -5.4,  328.5,  329.9,  330.2,  329.2,  327.6,  326.3,  325.9,  326.8,  331.8,  330.0,  328.2,  327.3,  327.7,  328.5,  329.4,  327.4,  325.7,  325.3,  326.7,  329.1,  328.3,  327.9,  328.0,  328.6,  329.3,  329.7,  329.6,  329.0,  304.9,  306.1,  307.2,  307.7,  307.2,  306.0,  304.8,  304.5,  305.1,  304.6,  304.4,  304.8,  306.3,  308.8,  311.1,  308.3,  305.6,  303.6,  303.2,  304.0,  306.0,  306.2,  306.8,  307.5,  307.7,  307.5,  306.9,  306.3,  3.4,  31.6,  339.7,  -0.190,  0.029,  0.003,  465.6,  466.5,  472.0,  481.6,  498.6,  525.6,  560.3,  601.4,  648.7,  695.2,  736.4,  772.1,  800.5,  817.6,  825.8,  831.9,  834.9,  499.4,  519.2,  547.6,  578.1,  607.3,  687.3,  720.2,  750.9,  779.2,  798.8,  647.5,  647.8,  647.9,  647.8,  613.4,  630.7,  648.1,  666.1,  682.7,  536.4,  555.8,  579.1,  598.5,  578.8,  556.0,  698.2,  717.4,  740.8,  759.8,  742.2,  719.7,  583.5,  606.2,  630.2,  648.8,  669.3,  695.8,  717.2,  697.0,  672.1,  649.9,  629.5,  605.8,  595.0,  629.7,  648.7,  669.5,  706.8,  669.8,  648.7,  629.4,  371.5,  418.8,  465.8,  510.3,  549.1,  582.8,  608.2,  628.3,  635.8,  633.9,  619.6,  595.6,  561.0,  515.9,  464.9,  412.3,  360.5,  321.9,  299.6,  290.2,  290.6,  295.4,  294.6,  287.1,  287.1,  296.6,  316.7,  335.4,  362.5,  389.3,  417.2,  447.2,  452.3,  456.5,  452.2,  447.9,  350.5,  338.1,  337.1,  348.9,  354.1,  355.4,  348.2,  335.5,  336.8,  348.0,  353.5,  353.0,  520.0,  498.5,  489.7,  493.9,  489.8,  500.6,  519.0,  538.4,  546.2,  547.6,  545.6,  537.1,  518.9,  508.7,  509.9,  508.5,  518.5,  520.4,  521.7,  519.7,  -79.0,  -78.3,  -75.8,  -71.1,  -62.2,  -48.9,  -32.7,  -15.2,  3.4,  21.9,  40.0,  56.8,  70.4,  78.6,  82.1,  84.6,  86.4,  -58.8,  -49.8,  -37.6,  -24.8,  -12.9,  18.6,  31.9,  44.6,  56.4,  64.8,  2.9,  3.0,  2.9,  2.8,  -10.1,  -3.5,  3.0,  9.8,  16.1,  -42.3,  -34.1,  -24.6,  -16.7,  -24.6,  -33.9,  23.3,  30.9,  40.3,  48.3,  40.8,  31.8,  -22.1,  -12.8,  -3.7,  3.2,  10.9,  21.1,  29.9,  21.5,  11.9,  3.7,  -3.9,  -13.0,  -17.5,  -3.9,  3.2,  11.0,  25.7,  11.1,  3.3,  -4.0,  5.2,  26.5,  47.7,  67.4,  83.2,  95.3,  101.7,  105.5,  107.4,  108.9,  107.9,  101.2,  88.2,  69.0,  46.3,  23.1,  0.2,  -15.9,  -24.9,  -28.4,  -27.8,  -25.4,  -25.7,  -29.0,  -29.3,  -25.7,  -17.7,  -9.6,  1.0,  10.9,  20.8,  33.0,  34.7,  36.1,  34.6,  33.2,  -3.9,  -8.9,  -9.3,  -4.5,  -2.4,  -1.9,  -4.7,  -9.8,  -9.3,  -4.8,  -2.6,  -2.8,  62.6,  52.4,  48.4,  49.7,  48.2,  53.1,  61.7,  67.4,  69.2,  69.6,  69.2,  67.2,  61.8,  55.8,  55.9,  55.4,  61.1,  59.9,  60.3,  59.9,  396.5,  394.9,  394.6,  392.5,  385.0,  374.3,  358.7,  344.1,  340.7,  347.9,  363.7,  376.0,  384.0,  387.1,  386.4,  385.8,  388.1,  366.3,  360.6,  355.7,  350.0,  344.4,  343.7,  347.9,  352.0,  354.2,  357.0,  339.9,  332.8,  325.2,  317.9,  331.6,  329.0,  327.1,  328.5,  330.3,  357.3,  354.7,  353.4,  352.3,  351.8,  353.3,  350.1,  349.6,  350.2,  352.5,  349.2,  348.8,  342.6,  331.1,  326.6,  324.7,  324.9,  330.7,  339.3,  330.4,  325.1,  324.5,  326.4,  332.1,  340.1,  328.0,  326.3,  326.4,  337.1,  326.6,  326.4,  328.4,  2.509,  -0.059,  0.031,  0.001,  649.129,  443.923,  -13.655,  -3.913,  -14.198,  -5.785,  -7.412,  -3.632,  1.167,  2.242,  7.068,  -3.485,  -6.136,  -6.853,  9.012,  -3.796,  0.450,  1.999,  2.243,  -1.285,  -1.021,  -6.188,  0.319,  0.571,  -0.515,  0.233,  0.306,  1.540,  -1.061,  -0.535,  -0.329,  -0.403,  0.122,  -0.891,  -0.077,  0.402, 0.00, 0.00, 0.00, 0.00, 0.00, 0.23, 0.00, 0.00, 0.00, 0.00, 0.00, 0.15, 0.44, 0.00, 0.92, 1.02, 0.01, 0.00, 0.00, 0.00, 1.00, 0.00, 0.00, 0.00, 0.00, 0.00, 0.00, 0.00, 0.00, 0.00, 0.00, 0.00, 0.00, 0.00, 0.00
15,  0,  0.467,  0.98,  1,  0.029885,  -0.080760,  -0.996285,  -0.135869,  0.039116,  -0.989954,  -0.053,  -0.021,  550.9,  555.6,  566.9,  578.2,  582.9,  579.0,  566.8,  555.5,  538.7,  545.0,  554.7,  567.3,  579.8,  589.2,  595.3,  588.3,  577.3,  565.1,  554.2,  544.8,  562.3,  567.1,  571.9,  573.9,  571.9,  567.1,  562.3,  560.3,  708.1,  712.5,  724.9,  737.8,  743.9,  739.5,  727.2,  713.2,  698.7,  705.9,  716.1,  729.4,  741.7,  750.9,  757.4,  751.0,  742.6,  732.0,  719.5,  707.9,  719.5,  726.1,  732.4,  734.6,  731.5,  724.9,  718.7,  716.5,  342.4,  331.5,  326.7,  330.9,  341.5,  353.4,  357.1,  353.0,  350.5,  343.2,  338.5,  335.8,  337.7,  342.4,  348.8,  352.8,  353.9,  354.8,  355.0,  354.0,  347.5,  349.2,  347.2,  342.6,  338.1,  336.3,  338.3,  343.0,  344.3,  331.3,  325.7,  330.7,  343.5,  356.5,  362.2,  358.2,  349.5,  341.4,  336.5,  334.9,  337.2,  341.4,  348.1,  350.7,  352.1,  352.7,  352.4,  351.8,  351.2,  353.8,  350.9,  344.3,  337.8,  335.3,  338.1,  344.7,  -33.4,  -31.8,  -27.5,  -23.2,  -21.3,  -22.7,  -27.2,  -31.5,  -38.4,  -35.7,  -31.9,  -27.2,  -22.5,  -19.0,  -16.8,  -19.3,  -23.3,  -27.8,  -32.0,  -35.7,  -29.1,  -27.3,  -25.5,  -24.8,  -25.6,  -27.4,  -29.2,  -29.9,  23.5,  25.2,  29.5,  34.1,  36.2,  34.5,  30.1,  25.2,  20.3,  22.7,  26.2,  30.9,  35.3,  38.8,  41.4,  38.8,  35.5,  31.6,  27.3,  23.4,  27.6,  29.9,  32.1,  33.0,  31.9,  29.6,  27.4,  26.5,  -6.6,  -10.7,  -12.5,  -10.9,  -6.9,  -2.5,  -1.1,  -2.6,  -3.6,  -6.3,  -8.1,  -9.0,  -8.3,  -6.6,  -4.2,  -2.7,  -2.3,  -1.9,  -1.9,  -2.3,  -4.7,  -4.0,  -4.8,  -6.5,  -8.2,  -8.9,  -8.1,  -6.4,  -5.4,  -9.9,  -12.0,  -10.2,  -5.7,  -1.2,  0.8,  -0.6,  -3.6,  -6.4,  -8.1,  -8.7,  -7.9,  -6.5,  -4.2,  -3.3,  -2.8,  -2.5,  -2.6,  -2.8,  -3.0,  -2.2,  -3.2,  -5.5,  -7.7,  -8.6,  -7.6,  -5.3,  327.9,  329.3,  329.5,  328.5,  326.9,  325.6,  325.2,  326.2,  331.2,  329.4,  327.6,  326.7,  327.0,  327.8,  328.7,  326.7,  325.0,  324.7,  326.1,  328.5,  327.6,  327.2,  327.3,  327.9,  328.6,  329.1,  328.9,  328.3,  302.1,  303.3,  304.6,  305.1,  304.6,  303.3,  302.0,  301.7,  302.3,  301.8,  301.6,  302.1,  303.7,  306.2,  308.5,  305.8,  303.0,  300.9,  300.4,  301.2,  303.2,  303.5,  304.1,  304.8,  305.1,  304.8,  304.2,  303.5,  3.1,  31.6,  339.1,  -0.194,  0.029,  0.003,  464.6,  465.7,  471.5,  481.5,  498.9,  525.9,  560.3,  600.9,  647.7,  693.6,  734.5,  770.3,  799.0,  816.4,  825.1,  831.4,  834.5,  498.5,  518.4,  546.9,  577.4,  606.4,  686.7,  719.6,  750.3,  778.8,  798.5,  646.8,  647.1,  647.2,  647.2,  612.5,  629.8,  647.4,  665.5,  682.1,  535.6,  555.0,  578.4,  597.8,  578.0,  555.1,  697.4,  716.7,  740.1,  759.2,  741.6,  719.0,  584.4,  606.6,  630.3,  648.1,  668.0,  693.7,  714.9,  694.9,  670.7,  649.2,  629.6,  606.4,  595.9,  629.8,  648.0,  668.1,  704.4,  668.5,  648.1,  629.5,  371.5,  419.3,  466.6,  511.3,  550.5,  584.5,  610.1,  630.1,  637.6,  635.7,  621.7,  597.7,  562.8,  517.3,  465.7,  412.5,  360.2,  322.1,  299.3,  290.0,  290.7,  295.7,  294.7,  287.5,  287.2,  296.7,  317.5,  335.6,  362.9,  389.8,  417.7,  446.6,  451.8,  456.1,  451.6,  447.2,  350.5,  338.1,  337.1,  349.0,  354.2,  355.5,  348.3,  335.6,  336.9,  348.1,  353.6,  353.1,  520.0,  497.6,  488.4,  492.5,  488.4,  499.7,  518.9,  537.8,  545.1,  546.4,  544.5,  536.5,  518.7,  507.1,  508.1,  506.8,  518.2,  519.9,  521.1,  519.2,  -79.5,  -78.7,  -75.9,  -70.9,  -62.0,  -48.7,  -32.7,  -15.4,  3.0,  21.3,  39.2,  55.9,  69.7,  78.0,  81.7,  84.4,  86.3,  -59.2,  -50.1,  -37.8,  -25.0,  -13.2,  18.3,  31.6,  44.3,  56.2,  64.7,  2.7,  2.7,  2.7,  2.6,  -10.4,  -3.8,  2.8,  9.5,  15.9,  -42.6,  -34.4,  -24.9,  -17.0,  -24.9,  -34.3,  22.9,  30.6,  40.1,  48.0,  40.5,  31.5,  -21.7,  -12.6,  -3.6,  3.0,  10.4,  20.3,  29.0,  20.7,  11.4,  3.4,  -3.9,  -12.7,  -17.1,  -3.8,  3.0,  10.5,  24.8,  10.6,  3.0,  -3.9,  5.2,  26.7,  48.0,  67.7,  83.7,  95.9,  102.5,  106.3,  108.1,  109.5,  108.6,  102.0,  88.9,  69.5,  46.7,  23.1,  0.1,  -15.9,  -25.0,  -28.4,  -27.7,  -25.3,  -25.6,  -28.8,  -29.3,  -25.6,  -17.4,  -9.5,  1.1,  11.1,  20.9,  32.7,  34.4,  35.8,  34.3,  32.9,  -3.9,  -8.9,  -9.2,  -4.4,  -2.3,  -1.8,  -4.7,  -9.7,  -9.2,  -4.8,  -2.5,  -2.7,  62.5,  52.0,  47.8,  49.1,  47.6,  52.7,  61.6,  67.0,  68.5,  68.9,  68.6,  66.8,  61.6,  55.0,  55.1,  54.7,  60.9,  59.6,  60.0,  59.6,  396.6,  394.8,  394.2,  391.7,  384.4,  373.9,  358.8,  344.2,  340.7,  347.6,  363.1,  375.5,  383.7,  386.8,  386.3,  385.8,  388.1,  366.0,  360.5,  355.4,  349.8,  344.2,  343.1,  347.5,  351.6,  354.0,  357.0,  339.7,  332.5,  324.8,  317.5,  330.9,  328.2,  326.3,  327.8,  329.6,  357.2,  354.6,  353.2,  351.9,  351.6,  353.1,  349.7,  349.3,  350.0,  352.3,  348.9,  348.3,  341.9,  330.4,  326.0,  324.1,  324.3,  330.2,  338.8,  329.5,  324.0,  323.6,  325.4,  331.1,  339.4,  327.3,  325.6,  325.7,  336.5,  325.9,  325.7,  327.7,  2.512,  -0.063,  0.031,  0.001,  648.414,  443.981,  -12.224,  -3.971,  -13.763,  -4.532,  -7.532,  -3.674,  2.215,  1.766,  6.249,  -6.042,  -6.290,  -6.042,  8.588,  -4.103,  1.462,  1.365,  2.705,  -1.682,  -1.147,  -5.156,  0.041,  1.012,  -0.192,  -0.296,  0.333,  1.707,  -0.858,  -0.308,  -0.252,  -0.352,  0.289,  -0.910,  -0.050,  0.342, 0.00, 0.00, 0.00, 0.00, 0.00, 0.17, 0.00, 0.00, 0.00, 0.00, 0.00, 0.09, 0.35, 0.00, 1.25, 1.26, 0.08, 0.00, 0.00, 0.00, 1.00, 0.00, 0.00, 0.00, 0.00, 0.00, 0.00, 0.00, 0.00, 0.00, 0.00, 0.00, 0.00, 0.00, 0.00
16,  0,  0.501,  0.98,  1,  0.030875,  -0.090261,  -0.995439,  -0.127745,  0.032113,  -0.991287,  -0.049,  -0.029,  550.1,  555.1,  566.7,  578.1,  582.7,  578.6,  566.1,  554.7,  538.0,  544.4,  554.1,  566.7,  579.4,  588.9,  595.1,  587.9,  576.7,  564.5,  553.6,  544.2,  561.6,  566.5,  571.5,  573.7,  571.7,  566.7,  561.7,  559.6,  707.9,  712.2,  724.5,  737.5,  743.6,  739.2,  727.0,  713.0,  698.1,  705.3,  715.5,  728.8,  741.2,  750.4,  757.0,  750.6,  742.2,  731.6,  719.0,  707.3,  719.3,  725.9,  732.2,  734.4,  731.3,  724.6,  718.4,  716.1,  342.0,  331.2,  326.5,  330.7,  341.3,  353.2,  356.9,  352.6,  350.7,  343.3,  338.4,  335.7,  337.5,  342.2,  348.8,  352.8,  353.8,  354.8,  355.1,  354.1,  347.4,  349.2,  347.2,  342.5,  337.9,  336.0,  338.1,  342.8,  344.4,  331.4,  325.7,  330.6,  343.3,  356.3,  362.0,  358.1,  349.3,  341.4,  336.5,  334.8,  337.1,  341.4,  348.1,  350.7,  352.1,  352.7,  352.4,  351.8,  351.2,  353.7,  350.8,  344.2,  337.7,  335.2,  338.1,  344.7,  -33.2,  -31.5,  -27.2,  -22.9,  -21.1,  -22.5,  -27.0,  -31.3,  -38.1,  -35.4,  -31.7,  -27.0,  -22.3,  -18.9,  -16.6,  -19.2,  -23.1,  -27.6,  -31.7,  -35.4,  -28.9,  -27.1,  -25.2,  -24.5,  -25.3,  -27.2,  -29.0,  -29.7,  23.4,  25.0,  29.4,  34.0,  36.0,  34.4,  30.0,  25.2,  20.1,  22.5,  26.0,  30.7,  35.1,  38.6,  41.2,  38.7,  35.4,  31.5,  27.1,  23.2,  27.5,  29.8,  32.0,  32.9,  31.8,  29.5,  27.2,  26.4,  -6.7,  -10.7,  -12.5,  -10.8,  -6.9,  -2.5,  -1.2,  -2.7,  -3.5,  -6.2,  -8.0,  -8.9,  -8.3,  -6.6,  -4.2,  -2.7,  -2.3,  -1.9,  -1.8,  -2.2,  -4.7,  -4.0,  -4.7,  -6.5,  -8.2,  -8.9,  -8.1,  -6.4,  -5.4,  -9.9,  -11.9,  -10.2,  -5.8,  -1.3,  0.7,  -0.6,  -3.7,  -6.4,  -8.1,  -8.7,  -8.0,  -6.5,  -4.2,  -3.3,  -2.7,  -2.5,  -2.6,  -2.8,  -3.1,  -2.2,  -3.2,  -5.5,  -7.8,  -8.6,  -7.6,  -5.3,  323.2,  324.8,  325.1,  323.9,  322.1,  320.6,  320.2,  321.3,  326.3,  324.5,  322.8,  321.9,  322.2,  322.9,  323.7,  321.6,  319.9,  319.6,  321.1,  323.5,  322.8,  322.3,  322.5,  323.1,  324.0,  324.4,  324.3,  323.6,  302.0,  303.3,  304.6,  305.1,  304.5,  303.2,  301.9,  301.6,  302.4,  301.8,  301.7,  302.1,  303.7,  306.2,  308.5,  305.7,  302.9,  300.8,  300.4,  301.2,  303.2,  303.4,  304.0,  304.7,  305.0,  304.8,  304.1,  303.5,  2.9,  31.6,  338.6,  -0.202,  0.031,  0.003,  463.9,  465.2,  471.4,  481.8,  499.7,  527.1,  561.3,  601.5,  647.4,  692.7,  733.3,  769.1,  797.8,  815.6,  824.4,  830.9,  834.1,  497.8,  517.9,  546.8,  577.4,  606.3,  685.8,  718.5,  749.3,  778.0,  798.0,  646.3,  646.6,  646.6,  646.5,  612.0,  629.2,  646.8,  664.7,  681.4,  534.9,  554.5,  578.0,  597.5,  577.4,  554.4,  696.7,  716.1,  739.7,  758.8,  741.2,  718.4,  584.7,  606.4,  629.9,  647.5,  667.0,  692.5,  713.4,  693.7,  669.7,  648.6,  629.1,  606.1,  596.1,  629.4,  647.4,  667.1,  702.8,  667.5,  647.5,  629.1,  371.5,  419.9,  468.0,  513.3,  552.9,  586.9,  612.5,  632.2,  639.6,  637.7,  623.7,  599.6,  564.5,  518.7,  466.6,  412.9,  360.1,  321.8,  298.8,  289.5,  290.3,  295.5,  294.5,  287.3,  287.0,  296.4,  317.3,  335.3,  362.4,  389.2,  417.1,  445.9,  451.1,  455.3,  450.9,  446.6,  350.4,  338.0,  337.0,  348.9,  354.2,  355.5,  348.3,  335.5,  336.9,  348.2,  353.7,  353.2,  519.9,  496.7,  486.9,  491.0,  487.0,  498.7,  518.7,  538.4,  545.9,  547.2,  545.4,  537.1,  518.6,  506.0,  506.9,  505.7,  518.0,  520.2,  521.4,  519.6,  -79.8,  -78.9,  -75.9,  -70.7,  -61.5,  -48.1,  -32.2,  -15.1,  2.9,  20.9,  38.6,  55.2,  69.0,  77.3,  81.2,  83.9,  85.9,  -59.4,  -50.3,  -37.9,  -25.0,  -13.3,  17.9,  31.2,  43.9,  55.8,  64.4,  2.5,  2.5,  2.4,  2.4,  -10.6,  -4.0,  2.5,  9.3,  15.6,  -42.9,  -34.6,  -25.0,  -17.1,  -25.1,  -34.5,  22.6,  30.4,  39.8,  47.8,  40.3,  31.2,  -21.6,  -12.7,  -3.8,  2.8,  10.0,  19.8,  28.3,  20.1,  11.0,  3.2,  -4.0,  -12.8,  -17.0,  -4.0,  2.7,  10.1,  24.1,  10.2,  2.8,  -4.1,  5.2,  27.0,  48.6,  68.5,  84.6,  96.7,  103.3,  106.9,  108.7,  110.1,  109.1,  102.5,  89.4,  69.9,  46.9,  23.3,  0.1,  -16.0,  -25.2,  -28.6,  -27.9,  -25.4,  -25.7,  -28.8,  -29.3,  -25.7,  -17.4,  -9.6,  0.9,  10.8,  20.7,  32.4,  34.1,  35.5,  34.0,  32.6,  -3.9,  -8.9,  -9.3,  -4.5,  -2.3,  -1.8,  -4.7,  -9.8,  -9.2,  -4.8,  -2.5,  -2.7,  62.3,  51.5,  47.2,  48.4,  46.9,  52.2,  61.3,  67.0,  68.7,  69.1,  68.8,  66.8,  61.3,  54.5,  54.5,  54.1,  60.5,  59.6,  60.0,  59.6,  396.6,  394.8,  394.0,  391.2,  383.6,  373.0,  357.8,  343.5,  340.2,  347.0,  362.2,  374.3,  382.3,  385.3,  385.1,  384.8,  387.2,  365.8,  360.5,  355.4,  349.9,  344.3,  343.0,  347.4,  351.3,  353.8,  356.6,  339.6,  332.3,  324.6,  317.2,  330.3,  327.6,  325.7,  327.2,  329.1,  357.1,  354.4,  353.0,  351.5,  351.4,  352.9,  349.4,  349.0,  349.7,  352.0,  348.6,  348.0,  340.9,  329.6,  325.2,  323.3,  323.5,  329.2,  337.6,  328.5,  323.3,  322.9,  324.7,  330.2,  338.5,  326.5,  324.8,  324.9,  335.4,  325.3,  325.1,  327.0,  2.516,  -0.071,  0.035,  0.001,  647.882,  444.152,  -13.288,  -2.965,  -13.332,  -3.186,  -7.669,  -4.427,  3.654,  1.720,  5.644,  -8.128,  -6.179,  -6.104,  8.507,  -3.837,  1.435,  0.810,  2.522,  -1.771,  -1.148,  -4.799,  -0.101,  0.848,  -0.102,  -0.169,  0.244,  1.726,  -0.733,  -0.386,  -0.221,  -0.394,  0.280,  -0.839,  -0.026,  0.319, 0.00, 0.00, 0.00, 0.03, 0.00, 0.24, 0.00, 0.00, 0.00, 0.00, 0.00, 0.09, 0.19, 0.00, 1.41, 1.40, 0.13, 0.00, 0.00, 0.00, 1.00, 0.00, 0.00, 0.00, 0.00, 0.00, 0.00, 0.00, 0.00, 0.00, 0.00, 1.00, 0.00, 0.00, 0.00
17,  0,  0.534,  0.98,  1,  0.030446,  -0.088453,  -0.995615,  -0.131336,  0.025542,  -0.991009,  -0.051,  -0.032,  549.9,  554.8,  566.2,  577.5,  582.0,  578.0,  565.7,  554.4,  537.7,  544.1,  553.8,  566.3,  578.9,  588.4,  594.7,  587.4,  576.2,  564.1,  553.2,  543.8,  561.2,  566.1,  571.1,  573.2,  571.2,  566.3,  561.4,  559.3,  707.2,  711.6,  724.0,  737.0,  743.1,  738.7,  726.3,  712.3,  697.7,  704.8,  715.0,  728.4,  740.8,  750.1,  756.6,  750.3,  741.8,  731.1,  718.5,  706.8,  718.7,  725.3,  731.6,  733.8,  730.7,  724.1,  717.8,  715.5,  342.0,  331.2,  326.5,  330.7,  341.3,  353.1,  356.8,  352.6,  350.4,  343.0,  338.1,  335.5,  337.4,  342.1,  348.6,  352.7,  353.8,  354.8,  355.0,  353.9,  347.3,  349.1,  347.1,  342.4,  337.8,  336.0,  338.0,  342.7,  344.2,  331.2,  325.5,  330.6,  343.3,  356.3,  362.0,  358.1,  349.5,  341.4,  336.4,  334.7,  337.0,  341.4,  348.2,  350.7,  352.1,  352.7,  352.4,  351.8,  351.1,  353.7,  350.8,  344.2,  337.7,  335.1,  338.0,  344.6,  -33.5,  -31.8,  -27.5,  -23.2,  -21.4,  -22.8,  -27.3,  -31.6,  -38.4,  -35.8,  -32.0,  -27.3,  -22.6,  -19.1,  -16.8,  -19.4,  -23.4,  -27.9,  -32.1,  -35.8,  -29.2,  -27.4,  -25.5,  -24.8,  -25.6,  -27.4,  -29.3,  -30.0,  23.1,  24.7,  29.1,  33.7,  35.8,  34.1,  29.7,  24.8,  19.9,  22.3,  25.8,  30.4,  34.9,  38.4,  41.0,  38.4,  35.1,  31.2,  26.9,  22.9,  27.2,  29.5,  31.7,  32.6,  31.5,  29.2,  26.9,  26.1,  -6.7,  -10.7,  -12.5,  -10.9,  -6.9,  -2.5,  -1.2,  -2.7,  -3.6,  -6.3,  -8.1,  -9.1,  -8.4,  -6.6,  -4.2,  -2.7,  -2.3,  -1.9,  -1.9,  -2.3,  -4.7,  -4.0,  -4.8,  -6.5,  -8.3,  -8.9,  -8.2,  -6.4,  -5.4,  -10.0,  -12.0,  -10.2,  -5.8,  -1.3,  0.7,  -0.7,  -3.6,  -6.4,  -8.1,  -8.7,  -8.0,  -6.5,  -4.2,  -3.2,  -2.7,  -2.5,  -2.6,  -2.8,  -3.1,  -2.2,  -3.2,  -5.5,  -7.8,  -8.6,  -7.6,  -5.3,  324.9,  326.3,  326.5,  325.4,  323.6,  322.3,  322.0,  323.1,  328.3,  326.4,  324.6,  323.6,  323.7,  324.5,  325.3,  323.3,  321.6,  321.5,  322.9,  325.5,  324.5,  324.0,  324.1,  324.7,  325.5,  326.0,  325.9,  325.3,  301.0,  302.3,  303.5,  304.0,  303.4,  302.1,  300.8,  300.5,  301.2,  300.8,  300.6,  301.1,  302.6,  305.0,  307.3,  304.6,  301.8,  299.8,  299.3,  300.1,  302.1,  302.3,  302.9,  303.6,  304.0,  303.7,  303.1,  302.4,  2.7,  31.6,  337.9,  -0.208,  0.030,  0.004,  463.3,  464.5,  470.7,  481.2,  499.0,  526.3,  560.2,  600.3,  646.3,  691.6,  732.3,  768.3,  797.1,  814.9,  824.0,  830.6,  833.9,  497.5,  517.4,  546.2,  576.7,  605.4,  685.8,  718.4,  749.0,  777.6,  797.3,  645.9,  646.1,  646.1,  646.0,  611.5,  628.7,  646.2,  664.1,  680.7,  534.4,  554.1,  577.6,  597.1,  577.0,  553.9,  696.2,  715.7,  739.3,  758.3,  740.8,  717.9,  584.7,  605.9,  629.4,  647.0,  666.4,  691.9,  712.2,  693.0,  669.2,  648.0,  628.5,  605.6,  596.2,  628.9,  646.8,  666.6,  701.6,  667.0,  647.0,  628.6,  371.2,  420.0,  468.3,  513.8,  553.7,  588.1,  614.1,  634.1,  641.7,  639.8,  625.5,  601.0,  565.6,  519.5,  467.2,  413.2,  360.3,  321.6,  298.4,  289.1,  289.8,  295.0,  294.2,  287.2,  286.9,  296.3,  317.2,  335.1,  362.2,  388.9,  416.7,  445.7,  450.8,  455.1,  450.7,  446.4,  350.3,  337.7,  336.8,  348.7,  354.1,  355.3,  348.3,  335.5,  336.9,  348.2,  353.8,  353.2,  520.4,  496.1,  486.0,  490.1,  486.0,  498.2,  519.2,  539.3,  547.1,  548.5,  546.6,  538.0,  518.9,  505.5,  506.4,  505.3,  518.3,  521.0,  522.3,  520.4,  -79.9,  -79.0,  -76.0,  -70.8,  -61.6,  -48.3,  -32.5,  -15.6,  2.4,  20.4,  38.1,  54.7,  68.4,  76.8,  80.8,  83.6,  85.6,  -59.5,  -50.4,  -38.1,  -25.3,  -13.6,  17.9,  31.1,  43.8,  55.6,  64.0,  2.3,  2.3,  2.2,  2.2,  -10.7,  -4.2,  2.3,  9.0,  15.3,  -43.0,  -34.7,  -25.1,  -17.2,  -25.2,  -34.7,  22.4,  30.1,  39.6,  47.5,  40.1,  31.0,  -21.5,  -12.8,  -3.9,  2.6,  9.7,  19.5,  27.8,  19.8,  10.8,  2.9,  -4.2,  -12.9,  -16.9,  -4.1,  2.5,  9.8,  23.5,  10.0,  2.6,  -4.3,  5.1,  27.0,  48.6,  68.6,  84.7,  96.9,  103.7,  107.4,  109.3,  110.7,  109.5,  102.8,  89.6,  70.0,  47.0,  23.3,  0.1,  -16.0,  -25.3,  -28.8,  -28.0,  -25.6,  -25.8,  -28.9,  -29.3,  -25.7,  -17.4,  -9.6,  0.8,  10.7,  20.5,  32.3,  34.0,  35.3,  33.8,  32.4,  -4.0,  -9.0,  -9.4,  -4.5,  -2.4,  -1.9,  -4.7,  -9.8,  -9.2,  -4.7,  -2.5,  -2.7,  62.3,  51.1,  46.7,  47.9,  46.5,  51.8,  61.2,  67.1,  68.9,  69.4,  69.1,  66.9,  61.3,  54.2,  54.2,  53.8,  60.4,  59.7,  60.1,  59.8,  395.6,  393.7,  392.9,  390.0,  382.4,  371.9,  357.0,  342.8,  339.5,  346.1,  361.0,  373.1,  381.0,  384.2,  384.0,  383.9,  386.3,  365.1,  360.0,  355.1,  349.8,  344.3,  343.0,  347.3,  351.2,  353.5,  356.1,  339.4,  332.1,  324.4,  317.0,  329.8,  327.1,  325.2,  326.7,  328.6,  356.5,  353.9,  352.5,  350.9,  350.8,  352.4,  349.0,  348.6,  349.3,  351.5,  348.1,  347.5,  339.7,  328.6,  324.3,  322.4,  322.6,  328.1,  336.4,  327.4,  322.3,  322.1,  323.8,  329.1,  337.3,  325.6,  323.9,  324.0,  334.2,  324.4,  324.3,  326.2,  2.521,  -0.077,  0.035,  0.002,  647.323,  444.364,  -14.829,  -3.122,  -13.522,  -2.231,  -8.615,  -5.806,  4.217,  1.521,  5.444,  -8.995,  -6.427,  -5.785,  8.824,  -3.569,  1.926,  0.391,  2.540,  -1.830,  -0.945,  -4.801,  -0.130,  0.860,  -0.140,  -0.183,  0.385,  1.893,  -0.640,  -0.289,  -0.210,  -0.377,  0.226,  -0.838,  -0.059,  0.327, 0.00, 0.00, 0.00, 0.03, 0.00, 0.19, 0.00, 0.00, 0.00, 0.00, 0.00, 0.00, 0.07, 0.00, 1.62, 1.49, 0.19, 0.00, 0.00, 0.00, 1.00, 0.00, 0.00, 0.00, 0.00, 0.00, 0.00, 0.00, 0.00, 0.00, 0.00, 1.00, 1.00, 0.00, 0.00
18,  0,  0.567,  0.98,  1,  0.027226,  -0.083272,  -0.996155,  -0.138071,  0.026177,  -0.990076,  -0.056,  -0.029,  549.4,  554.4,  565.8,  577.1,  581.6,  577.5,  565.2,  553.9,  537.4,  543.8,  553.4,  566.0,  578.6,  588.0,  594.2,  587.0,  575.8,  563.6,  552.8,  543.5,  560.7,  565.6,  570.5,  572.7,  570.7,  565.9,  561.0,  558.8,  706.7,  711.2,  723.6,  736.6,  742.6,  738.1,  725.6,  711.7,  697.3,  704.5,  714.7,  728.1,  740.6,  749.7,  756.2,  749.9,  741.5,  730.8,  718.2,  706.5,  718.1,  724.7,  731.0,  733.3,  730.2,  723.6,  717.3,  715.0,  341.7,  330.8,  326.1,  330.5,  341.2,  353.1,  356.7,  352.4,  349.9,  342.5,  337.8,  335.2,  337.2,  341.9,  348.5,  352.5,  353.6,  354.6,  354.6,  353.5,  347.0,  348.9,  346.9,  342.2,  337.5,  335.7,  337.7,  342.4,  343.9,  330.8,  325.2,  330.4,  343.2,  356.3,  361.9,  357.8,  349.2,  341.1,  336.2,  334.5,  336.9,  341.2,  348.0,  350.6,  352.0,  352.7,  352.3,  351.6,  350.8,  353.4,  350.6,  344.0,  337.4,  334.8,  337.7,  344.3,  -33.7,  -32.0,  -27.8,  -23.5,  -21.7,  -23.1,  -27.6,  -31.9,  -38.6,  -36.0,  -32.2,  -27.5,  -22.8,  -19.3,  -17.1,  -19.7,  -23.7,  -28.2,  -32.3,  -36.0,  -29.5,  -27.6,  -25.8,  -25.1,  -25.8,  -27.7,  -29.5,  -30.3,  22.9,  24.5,  28.9,  33.5,  35.5,  33.8,  29.4,  24.6,  19.7,  22.1,  25.6,  30.2,  34.7,  38.2,  40.7,  38.2,  34.9,  31.0,  26.7,  22.7,  26.9,  29.2,  31.4,  32.3,  31.3,  28.9,  26.7,  25.9,  -6.8,  -10.9,  -12.7,  -11.0,  -7.0,  -2.5,  -1.2,  -2.8,  -3.8,  -6.5,  -8.2,  -9.2,  -8.5,  -6.7,  -4.3,  -2.8,  -2.4,  -2.0,  -2.0,  -2.4,  -4.8,  -4.1,  -4.9,  -6.6,  -8.4,  -9.1,  -8.3,  -6.6,  -5.5,  -10.1,  -12.0,  -10.3,  -5.8,  -1.3,  0.6,  -0.7,  -3.7,  -6.5,  -8.2,  -8.8,  -8.0,  -6.5,  -4.2,  -3.3,  -2.7,  -2.5,  -2.6,  -2.9,  -3.2,  -2.3,  -3.2,  -5.5,  -7.8,  -8.7,  -7.7,  -5.4,  325.9,  327.3,  327.4,  326.4,  324.7,  323.5,  323.2,  324.3,  329.3,  327.4,  325.5,  324.6,  324.8,  325.6,  326.5,  324.5,  322.9,  322.7,  324.1,  326.6,  325.6,  325.2,  325.2,  325.8,  326.5,  327.0,  326.9,  326.4,  300.2,  301.4,  302.6,  303.1,  302.6,  301.4,  300.2,  299.8,  300.4,  299.9,  299.8,  300.2,  301.9,  304.4,  306.7,  304.0,  301.2,  299.1,  298.6,  299.3,  301.3,  301.6,  302.2,  302.9,  303.2,  302.9,  302.3,  301.6,  2.4,  31.5,  337.9,  -0.205,  0.031,  0.007,  462.8,  463.9,  470.1,  480.5,  498.2,  525.3,  559.2,  599.6,  645.6,  690.7,  731.1,  767.1,  796.1,  814.1,  823.4,  830.2,  833.7,  497.4,  517.2,  545.9,  576.4,  605.1,  685.7,  718.4,  749.0,  777.5,  797.1,  645.5,  645.7,  645.7,  645.5,  611.0,  628.2,  645.7,  663.6,  680.1,  534.1,  553.7,  577.3,  596.7,  576.7,  553.5,  695.9,  715.3,  739.0,  758.0,  740.5,  717.6,  584.3,  605.2,  628.8,  646.2,  665.2,  690.8,  711.0,  691.9,  668.0,  647.1,  627.8,  604.8,  595.9,  628.3,  646.0,  665.3,  700.4,  665.8,  646.1,  627.9,  369.5,  418.3,  466.7,  512.3,  552.6,  587.7,  614.6,  635.3,  643.2,  641.3,  626.9,  602.2,  566.7,  520.3,  467.7,  413.3,  359.9,  321.1,  297.6,  288.2,  289.1,  294.5,  293.7,  286.7,  286.4,  296.0,  317.1,  335.0,  362.1,  388.8,  416.6,  445.1,  450.2,  454.5,  450.1,  445.9,  349.9,  337.4,  336.5,  348.4,  353.9,  355.0,  348.1,  335.3,  336.7,  348.1,  353.7,  353.1,  520.6,  495.2,  484.6,  488.7,  484.7,  497.4,  519.5,  541.1,  549.2,  550.5,  548.6,  539.5,  519.1,  504.4,  505.2,  504.2,  518.6,  522.9,  524.0,  522.2,  -80.0,  -79.2,  -76.2,  -71.0,  -61.9,  -48.7,  -33.0,  -15.8,  2.2,  20.1,  37.6,  54.1,  67.8,  76.3,  80.3,  83.2,  85.3,  -59.4,  -50.5,  -38.2,  -25.4,  -13.7,  17.9,  31.1,  43.7,  55.5,  63.8,  2.1,  2.2,  2.1,  2.0,  -10.9,  -4.4,  2.1,  8.8,  15.1,  -43.1,  -34.9,  -25.2,  -17.4,  -25.4,  -34.8,  22.3,  30.0,  39.5,  47.3,  40.0,  30.8,  -21.6,  -13.1,  -4.1,  2.3,  9.3,  19.1,  27.3,  19.4,  10.3,  2.6,  -4.5,  -13.2,  -17.0,  -4.4,  2.2,  9.4,  23.1,  9.6,  2.3,  -4.5,  4.3,  26.2,  47.9,  67.8,  84.1,  96.7,  103.9,  108.0,  110.0,  111.3,  110.0,  103.1,  89.8,  70.2,  47.2,  23.3,  -0.0,  -16.2,  -25.6,  -29.1,  -28.3,  -25.8,  -26.0,  -29.1,  -29.5,  -25.8,  -17.4,  -9.7,  0.8,  10.7,  20.5,  32.1,  33.8,  35.2,  33.7,  32.3,  -4.1,  -9.2,  -9.5,  -4.6,  -2.4,  -2.0,  -4.7,  -9.8,  -9.3,  -4.8,  -2.5,  -2.7,  62.4,  50.8,  46.2,  47.4,  46.0,  51.5,  61.3,  67.8,  69.7,  70.2,  69.8,  67.6,  61.4,  53.8,  53.8,  53.4,  60.6,  60.4,  60.8,  60.5,  395.1,  393.3,  392.5,  389.6,  382.2,  371.8,  357.2,  343.2,  339.7,  346.2,  360.7,  372.5,  380.4,  383.3,  383.1,  382.9,  385.2,  364.6,  359.8,  355.0,  349.8,  344.4,  343.0,  347.2,  350.9,  353.1,  355.5,  339.3,  332.2,  324.7,  317.6,  330.0,  327.4,  325.4,  326.8,  328.7,  356.2,  353.8,  352.4,  350.7,  350.7,  352.3,  348.7,  348.3,  349.0,  351.1,  347.8,  347.2,  339.8,  328.7,  324.2,  322.4,  322.5,  328.0,  336.3,  327.4,  322.4,  322.3,  324.0,  329.2,  337.6,  325.7,  323.9,  323.9,  334.2,  324.5,  324.5,  326.3,  2.522,  -0.075,  0.037,  0.005,  646.720,  444.318,  -17.623,  -3.336,  -12.794,  -1.924,  -9.085,  -7.588,  4.973,  1.985,  5.625,  -10.007,  -7.053,  -5.783,  8.718,  -3.558,  2.114,  0.681,  2.923,  -1.552,  -0.886,  -4.082,  -0.377,  0.988,  0.199,  -0.268,  0.130,  2.055,  -0.456,  -0.263,  -0.118,  -0.316,  0.249,  -0.880,  -0.021,  0.326, 0.02, 0.00, 0.00, 0.04, 0.00, 0.14, 0.00, 0.00, 0.00, 0.00, 0.00, 0.00, 0.00, 0.00, 1.76, 1.61, 0.18, 0.00, 0.00, 0.00, 1.00, 0.00, 0.00, 0.00, 0.00, 0.00, 0.00, 0.00, 0.00, 0.00, 0.00, 1.00, 1.00, 0.00, 0.00
19,  0,  0.601,  0.98,  1,  0.030957,  -0.078329,  -0.996447,  -0.134748,  0.025846,  -0.990543,  -0.052,  -0.026,  549.4,  554.1,  565.5,  576.7,  581.2,  577.3,  565.1,  553.9,  537.1,  543.4,  553.0,  565.7,  578.3,  587.6,  593.7,  586.5,  575.5,  563.3,  552.5,  543.2,  560.6,  565.4,  570.3,  572.4,  570.4,  565.6,  560.7,  558.6,  706.3,  710.7,  723.2,  736.3,  742.4,  737.9,  725.5,  711.4,  696.9,  704.1,  714.3,  727.7,  740.1,  749.3,  755.9,  749.6,  741.2,  730.5,  717.9,  706.1,  717.8,  724.5,  730.7,  733.0,  729.9,  723.2,  717.0,  714.7,  341.5,  330.5,  325.8,  330.2,  341.0,  352.9,  356.6,  352.3,  349.4,  342.2,  337.6,  335.0,  336.9,  341.5,  347.9,  352.1,  353.4,  354.4,  354.4,  353.1,  346.7,  348.6,  346.6,  341.9,  337.2,  335.3,  337.3,  342.1,  343.7,  330.7,  325.2,  330.3,  343.1,  356.1,  361.6,  357.6,  349.1,  341.0,  336.0,  334.3,  336.7,  341.2,  348.0,  350.6,  351.8,  352.3,  352.0,  351.4,  350.7,  353.3,  350.5,  343.9,  337.5,  334.9,  337.7,  344.2,  -34.0,  -32.3,  -28.0,  -23.8,  -22.0,  -23.4,  -27.9,  -32.1,  -39.0,  -36.4,  -32.6,  -27.7,  -23.0,  -19.6,  -17.4,  -20.0,  -24.0,  -28.5,  -32.7,  -36.4,  -29.7,  -27.9,  -26.1,  -25.3,  -26.1,  -28.0,  -29.8,  -30.5,  22.7,  24.3,  28.8,  33.3,  35.4,  33.7,  29.3,  24.4,  19.5,  21.9,  25.4,  30.1,  34.5,  38.0,  40.5,  38.0,  34.8,  30.9,  26.5,  22.6,  26.8,  29.1,  31.3,  32.1,  31.1,  28.8,  26.6,  25.7,  -6.9,  -11.1,  -12.9,  -11.2,  -7.1,  -2.6,  -1.2,  -2.9,  -4.0,  -6.7,  -8.4,  -9.3,  -8.6,  -6.9,  -4.6,  -3.0,  -2.5,  -2.1,  -2.1,  -2.6,  -5.0,  -4.3,  -5.0,  -6.8,  -8.6,  -9.3,  -8.5,  -6.7,  -5.6,  -10.1,  -12.0,  -10.3,  -5.8,  -1.4,  0.6,  -0.8,  -3.7,  -6.5,  -8.2,  -8.8,  -8.0,  -6.5,  -4.2,  -3.3,  -2.8,  -2.6,  -2.7,  -2.9,  -3.2,  -2.3,  -3.3,  -5.6,  -7.8,  -8.7,  -7.7,  -5.4,  327.9,  329.0,  329.1,  328.2,  326.7,  325.8,  325.5,  326.4,  331.5,  329.5,  327.5,  326.5,  326.9,  327.8,  328.8,  326.9,  325.2,  325.0,  326.5,  328.9,  327.7,  327.3,  327.4,  327.8,  328.5,  328.9,  328.8,  328.3,  299.8,  301.3,  302.6,  303.0,  302.2,  300.8,  299.5,  299.2,  299.9,  299.6,  299.5,  300.0,  301.5,  303.9,  306.1,  303.4,  300.6,  298.5,  298.1,  298.8,  300.9,  301.1,  301.7,  302.5,  302.9,  302.7,  302.0,  301.2,  2.3,  31.5,  337.2,  -0.205,  0.031,  0.006,  462.6,  463.7,  470.0,  480.4,  498.1,  525.4,  559.7,  600.4,  646.4,  691.4,  731.5,  767.1,  795.8,  813.7,  823.0,  829.9,  833.4,  496.9,  516.6,  545.3,  575.7,  604.4,  685.8,  718.5,  748.9,  777.1,  796.4,  645.2,  645.3,  645.3,  645.1,  610.7,  627.9,  645.3,  663.2,  679.7,  533.8,  553.4,  576.9,  596.3,  576.3,  553.1,  695.6,  715.0,  738.6,  757.5,  740.1,  717.2,  584.7,  604.8,  628.2,  645.9,  665.4,  690.7,  710.0,  691.8,  668.4,  647.1,  627.4,  604.5,  596.3,  627.8,  645.8,  665.6,  699.3,  666.2,  646.0,  627.5,  368.4,  417.5,  466.2,  512.3,  553.3,  589.2,  617.0,  638.0,  645.6,  642.9,  627.2,  601.9,  566.3,  520.2,  467.7,  413.6,  360.5,  320.6,  297.0,  287.6,  288.4,  293.9,  293.2,  286.5,  286.4,  296.0,  317.0,  335.0,  361.9,  388.4,  416.0,  444.9,  449.9,  454.2,  449.7,  445.5,  349.5,  337.0,  336.1,  348.1,  353.6,  354.7,  347.9,  335.2,  336.6,  347.9,  353.5,  352.9,  521.4,  494.9,  483.9,  488.0,  483.9,  496.8,  519.9,  541.8,  550.4,  552.0,  550.1,  540.8,  519.6,  504.0,  504.8,  503.7,  518.9,  523.8,  525.3,  523.4,  -80.0,  -79.2,  -76.2,  -71.0,  -61.9,  -48.6,  -32.7,  -15.5,  2.5,  20.3,  37.6,  53.9,  67.5,  75.8,  79.8,  82.8,  84.9,  -59.5,  -50.6,  -38.3,  -25.6,  -14.0,  17.9,  31.1,  43.6,  55.2,  63.5,  2.0,  2.0,  2.0,  1.9,  -11.0,  -4.5,  2.0,  8.6,  14.9,  -43.1,  -34.9,  -25.3,  -17.5,  -25.5,  -34.9,  22.1,  29.8,  39.3,  47.1,  39.7,  30.6,  -21.4,  -13.2,  -4.4,  2.2,  9.3,  19.0,  26.8,  19.4,  10.5,  2.6,  -4.7,  -13.3,  -16.8,  -4.5,  2.2,  9.4,  22.5,  9.7,  2.2,  -4.7,  3.8,  25.8,  47.6,  67.8,  84.3,  97.2,  104.7,  108.8,  110.7,  111.8,  109.9,  102.7,  89.4,  69.9,  47.0,  23.4,  0.2,  -16.4,  -25.8,  -29.3,  -28.5,  -26.0,  -26.2,  -29.1,  -29.5,  -25.8,  -17.5,  -9.7,  0.7,  10.5,  20.3,  32.0,  33.6,  35.0,  33.4,  32.0,  -4.2,  -9.3,  -9.6,  -4.7,  -2.5,  -2.1,  -4.8,  -9.9,  -9.3,  -4.8,  -2.6,  -2.8,  62.4,  50.4,  45.8,  47.0,  45.5,  51.1,  61.2,  67.9,  70.1,  70.6,  70.2,  67.8,  61.3,  53.4,  53.4,  53.0,  60.4,  60.7,  61.2,  60.8,  394.3,  392.8,  392.3,  389.4,  381.7,  371.1,  356.5,  342.5,  339.2,  345.7,  359.8,  371.3,  379.0,  381.9,  381.7,  381.6,  383.9,  363.7,  358.9,  354.1,  348.9,  343.8,  342.5,  346.7,  350.3,  352.6,  355.0,  338.7,  331.5,  324.1,  316.9,  329.4,  326.8,  324.9,  326.2,  327.9,  355.2,  352.8,  351.4,  349.8,  349.8,  351.4,  348.1,  347.7,  348.4,  350.6,  347.3,  346.6,  338.3,  327.3,  323.3,  321.4,  321.6,  327.0,  335.1,  326.7,  322.0,  321.7,  323.3,  328.1,  336.1,  324.7,  323.1,  323.1,  332.9,  324.0,  323.9,  325.7,  2.528,  -0.076,  0.039,  0.005,  646.510,  444.418,  -18.640,  -1.510,  -12.809,  -0.929,  -9.691,  -9.125,  5.891,  2.405,  6.054,  -10.581,  -7.205,  -5.646,  8.997,  -2.915,  2.872,  0.438,  1.861,  -1.177,  -0.782,  -4.342,  -0.543,  1.025,  -0.347,  -0.697,  0.139,  1.951,  0.004,  -0.304,  -0.088,  -0.300,  0.338,  -0.818,  -0.012,  0.298, 0.06, 0.00, 0.00, 0.01, 0.00, 0.00, 0.00, 0.04, 0.00, 0.00, 0.00, 0.00, 0.00, 0.00, 1.91, 1.69, 0.13, 0.00, 0.00, 0.00, 1.00, 0.00, 0.00, 0.00, 0.00, 0.00, 0.00, 0.00, 0.00, 0.00, 0.00, 1.00, 1.00, 0.00, 0.00
20,  0,  0.634,  0.98,  1,  0.033077,  -0.081669,  -0.996110,  -0.134145,  0.024213,  -0.990666,  -0.051,  -0.029,  549.2,  554.0,  565.3,  576.5,  581.0,  577.0,  564.8,  553.7,  536.8,  543.2,  552.8,  565.4,  578.1,  587.4,  593.5,  586.3,  575.2,  563.0,  552.2,  542.9,  560.3,  565.2,  570.1,  572.2,  570.3,  565.4,  560.5,  558.4,  706.1,  710.6,  723.1,  736.1,  742.1,  737.5,  725.0,  711.0,  696.5,  703.8,  714.2,  727.6,  739.9,  749.0,  755.4,  749.2,  740.9,  730.2,  717.6,  705.8,  717.5,  724.1,  730.3,  732.6,  729.6,  723.0,  716.8,  714.5,  341.2,  330.3,  325.7,  330.0,  340.8,  352.7,  356.4,  352.0,  349.3,  342.0,  337.4,  334.8,  336.7,  341.4,  347.8,  352.0,  353.2,  354.2,  354.2,  353.0,  346.6,  348.4,  346.4,  341.7,  337.0,  335.1,  337.1,  341.9,  343.5,  330.4,  325.0,  330.3,  343.2,  356.3,  361.7,  357.5,  349.0,  341.0,  336.0,  334.3,  336.7,  341.1,  347.9,  350.4,  351.7,  352.2,  351.9,  351.3,  350.6,  353.2,  350.5,  343.9,  337.4,  334.8,  337.5,  344.1,  -34.0,  -32.3,  -28.1,  -23.8,  -22.0,  -23.4,  -27.9,  -32.2,  -39.0,  -36.4,  -32.6,  -27.8,  -23.1,  -19.7,  -17.4,  -20.0,  -24.0,  -28.5,  -32.7,  -36.4,  -29.8,  -27.9,  -26.1,  -25.4,  -26.1,  -28.0,  -29.8,  -30.6,  22.6,  24.2,  28.6,  33.2,  35.2,  33.5,  29.1,  24.2,  19.3,  21.8,  25.3,  29.9,  34.4,  37.8,  40.3,  37.8,  34.6,  30.7,  26.4,  22.4,  26.6,  28.9,  31.1,  31.9,  30.9,  28.6,  26.4,  25.6,  -7.0,  -11.1,  -12.9,  -11.2,  -7.1,  -2.7,  -1.4,  -3.0,  -4.0,  -6.8,  -8.5,  -9.4,  -8.7,  -6.9,  -4.6,  -3.0,  -2.5,  -2.2,  -2.2,  -2.6,  -5.0,  -4.3,  -5.1,  -6.8,  -8.6,  -9.3,  -8.6,  -6.8,  -5.6,  -10.1,  -12.1,  -10.3,  -5.8,  -1.3,  0.6,  -0.8,  -3.7,  -6.5,  -8.2,  -8.8,  -8.0,  -6.5,  -4.2,  -3.3,  -2.9,  -2.6,  -2.7,  -3.0,  -3.2,  -2.3,  -3.3,  -5.5,  -7.8,  -8.7,  -7.7,  -5.5,  327.4,  328.5,  328.6,  327.7,  326.2,  325.1,  324.9,  325.8,  331.0,  329.0,  327.1,  326.0,  326.3,  327.2,  328.2,  326.3,  324.6,  324.4,  325.9,  328.3,  327.1,  326.7,  326.8,  327.3,  327.9,  328.4,  328.3,  327.8,  299.0,  300.3,  301.7,  302.2,  301.6,  300.3,  298.9,  298.5,  299.1,  298.7,  298.6,  299.2,  300.8,  303.4,  305.8,  302.9,  300.1,  297.9,  297.4,  298.1,  300.2,  300.4,  301.1,  301.8,  302.1,  301.8,  301.2,  300.5,  2.2,  31.5,  337.2,  -0.209,  0.030,  0.006,  462.1,  463.4,  470.0,  480.5,  498.2,  525.2,  559.1,  599.6,  645.5,  690.5,  730.7,  766.4,  795.0,  812.9,  822.4,  829.4,  833.1,  496.5,  516.1,  544.9,  575.5,  604.1,  685.2,  718.0,  748.4,  776.8,  796.1,  644.9,  645.0,  645.0,  644.8,  610.1,  627.4,  645.0,  663.0,  679.6,  533.4,  553.1,  576.7,  596.1,  576.0,  552.8,  695.3,  714.6,  738.3,  757.3,  739.8,  716.9,  584.5,  604.3,  627.8,  645.6,  665.0,  690.3,  709.4,  691.5,  668.0,  646.7,  627.0,  604.0,  596.1,  627.5,  645.5,  665.1,  698.6,  665.8,  645.7,  627.1,  368.4,  417.8,  466.8,  512.9,  553.9,  589.6,  617.2,  637.9,  645.6,  643.1,  627.9,  602.7,  567.0,  520.7,  468.1,  413.9,  360.7,  320.5,  296.7,  287.0,  287.8,  293.3,  292.9,  286.4,  286.2,  295.9,  317.1,  334.8,  361.8,  388.4,  416.0,  444.3,  449.4,  453.7,  449.2,  445.0,  349.4,  336.8,  336.0,  348.0,  353.4,  354.4,  347.8,  335.2,  336.7,  347.9,  353.4,  352.8,  521.8,  494.1,  482.6,  486.7,  482.6,  496.1,  520.3,  542.9,  551.7,  553.3,  551.5,  541.9,  520.0,  503.0,  503.7,  502.7,  519.2,  524.8,  526.3,  524.4,  -80.1,  -79.2,  -76.1,  -70.9,  -61.8,  -48.6,  -32.9,  -15.8,  2.1,  19.9,  37.3,  53.6,  67.1,  75.4,  79.5,  82.6,  84.7,  -59.6,  -50.8,  -38.5,  -25.8,  -14.1,  17.7,  30.9,  43.4,  55.2,  63.4,  1.9,  1.9,  1.8,  1.7,  -11.3,  -4.7,  1.9,  8.6,  14.9,  -43.3,  -35.0,  -25.4,  -17.5,  -25.6,  -35.0,  22.0,  29.7,  39.2,  47.0,  39.6,  30.4,  -21.5,  -13.4,  -4.5,  2.0,  9.2,  18.8,  26.6,  19.2,  10.3,  2.5,  -4.8,  -13.5,  -16.9,  -4.6,  2.0,  9.3,  22.3,  9.5,  2.1,  -4.8,  3.8,  25.9,  47.8,  67.9,  84.5,  97.3,  104.7,  108.7,  110.6,  111.7,  110.0,  102.9,  89.6,  70.1,  47.1,  23.5,  0.3,  -16.4,  -26.0,  -29.6,  -28.8,  -26.2,  -26.3,  -29.2,  -29.6,  -25.8,  -17.4,  -9.7,  0.7,  10.5,  20.3,  31.8,  33.4,  34.8,  33.3,  31.8,  -4.3,  -9.3,  -9.6,  -4.8,  -2.6,  -2.2,  -4.8,  -9.9,  -9.3,  -4.8,  -2.6,  -2.8,  62.5,  50.2,  45.3,  46.5,  45.0,  50.8,  61.3,  68.3,  70.5,  71.0,  70.7,  68.2,  61.4,  53.1,  53.0,  52.6,  60.5,  61.0,  61.5,  61.2,  394.1,  392.5,  391.8,  388.8,  381.3,  370.8,  356.3,  342.3,  338.9,  345.3,  359.3,  370.9,  378.6,  381.5,  381.3,  381.4,  383.9,  363.7,  359.0,  354.2,  349.1,  343.9,  342.8,  347.0,  350.6,  352.8,  355.1,  338.9,  331.8,  324.5,  317.3,  329.5,  326.9,  324.9,  326.2,  328.0,  355.2,  352.8,  351.5,  349.7,  349.8,  351.4,  348.1,  347.8,  348.5,  350.6,  347.3,  346.6,  338.2,  327.3,  323.1,  321.2,  321.4,  326.8,  334.9,  326.6,  321.8,  321.6,  323.2,  328.0,  336.1,  324.6,  322.9,  322.8,  332.8,  323.9,  323.8,  325.6,  2.529,  -0.079,  0.039,  0.005,  646.128,  444.445,  -20.006,  -1.642,  -12.213,  -0.408,  -9.698,  -10.218,  6.324,  2.656,  5.874,  -10.840,  -7.258,  -5.587,  9.306,  -2.395,  2.811,  0.611,  2.681,  -1.667,  -0.793,  -4.042,  -0.301,  1.185,  -0.142,  -0.976,  0.067,  2.222,  0.020,  -0.318,  -0.038,  -0.266,  0.406,  -0.834,  -0.054,  0.268, 0.11, 0.02, 0.00, 0.08, 0.00, 0.10, 0.00, 0.08, 0.00, 0.00, 0.00, 0.00, 0.00, 0.00, 2.14, 1.84, 0.06, 0.00, 0.00, 0.00, 1.00, 0.00, 0.00, 0.00, 0.00, 0.00, 0.00, 0.00, 0.00, 0.00, 0.00, 1.00, 1.00, 0.00, 0.00
21,  0,  0.667,  0.98,  1,  0.043044,  -0.082991,  -0.995620,  -0.142164,  0.020700,  -0.989627,  -0.050,  -0.031,  549.0,  554.0,  565.5,  576.9,  581.4,  577.3,  564.9,  553.5,  536.8,  543.1,  552.6,  565.2,  577.9,  587.3,  593.5,  586.2,  575.0,  562.7,  551.9,  542.8,  560.3,  565.3,  570.4,  572.6,  570.6,  565.6,  560.5,  558.3,  705.9,  710.5,  722.9,  735.9,  741.8,  737.1,  724.7,  710.8,  696.6,  703.8,  714.0,  727.3,  739.7,  749.0,  755.6,  749.2,  740.6,  729.9,  717.4,  705.7,  717.4,  723.9,  730.0,  732.3,  729.4,  723.0,  716.8,  714.5,  341.3,  330.3,  325.6,  329.9,  340.8,  352.8,  356.5,  352.2,  349.4,  342.1,  337.4,  334.7,  336.5,  341.2,  347.8,  351.8,  353.0,  354.0,  354.1,  353.0,  346.8,  348.7,  346.6,  341.8,  337.0,  335.1,  337.1,  342.0,  343.4,  330.6,  325.3,  330.5,  343.2,  356.0,  361.3,  357.2,  348.8,  341.0,  336.2,  334.6,  337.0,  341.4,  348.2,  350.6,  351.6,  352.1,  351.7,  351.1,  350.4,  352.9,  350.3,  344.0,  337.7,  335.1,  337.8,  344.1,  -33.8,  -32.0,  -27.7,  -23.4,  -21.6,  -23.1,  -27.6,  -31.9,  -38.7,  -36.1,  -32.4,  -27.6,  -23.0,  -19.5,  -17.3,  -19.9,  -23.9,  -28.4,  -32.5,  -36.1,  -29.5,  -27.6,  -25.7,  -25.0,  -25.8,  -27.7,  -29.6,  -30.3,  22.8,  24.5,  29.0,  33.5,  35.5,  33.7,  29.3,  24.5,  19.6,  22.1,  25.6,  30.2,  34.7,  38.2,  40.8,  38.2,  34.9,  31.0,  26.6,  22.7,  26.9,  29.1,  31.3,  32.2,  31.2,  29.0,  26.8,  25.9,  -6.9,  -11.1,  -12.8,  -11.2,  -7.1,  -2.7,  -1.3,  -2.9,  -4.0,  -6.7,  -8.4,  -9.3,  -8.7,  -6.9,  -4.5,  -3.0,  -2.6,  -2.2,  -2.2,  -2.6,  -4.9,  -4.2,  -4.9,  -6.8,  -8.6,  -9.3,  -8.5,  -6.7,  -5.7,  -10.2,  -12.1,  -10.3,  -5.9,  -1.4,  0.5,  -1.0,  -3.9,  -6.6,  -8.2,  -8.8,  -8.0,  -6.5,  -4.2,  -3.3,  -2.9,  -2.7,  -2.9,  -3.1,  -3.3,  -2.5,  -3.4,  -5.6,  -7.8,  -8.7,  -7.8,  -5.5,  324.6,  325.9,  326.1,  325.0,  323.3,  322.1,  321.8,  322.9,  328.0,  326.2,  324.3,  323.3,  323.4,  324.1,  324.9,  323.0,  321.5,  321.3,  322.9,  325.4,  324.3,  323.8,  323.9,  324.4,  325.2,  325.7,  325.6,  325.0,  303.0,  304.4,  305.6,  305.9,  305.1,  303.7,  302.5,  302.3,  303.2,  302.7,  302.5,  302.9,  304.4,  306.8,  309.0,  306.3,  303.5,  301.5,  301.1,  302.0,  304.0,  304.1,  304.7,  305.4,  305.8,  305.7,  305.1,  304.4,  2.0,  31.6,  337.4,  -0.211,  0.032,  0.009,  462.0,  463.2,  469.7,  480.4,  498.2,  525.2,  558.6,  598.5,  644.1,  689.1,  729.4,  765.4,  794.4,  812.6,  822.2,  829.3,  833.0,  497.0,  516.7,  545.3,  575.9,  604.4,  685.5,  718.2,  748.6,  776.9,  795.9,  645.0,  645.0,  644.9,  644.6,  609.8,  627.1,  644.6,  662.6,  679.2,  533.3,  553.1,  576.7,  595.9,  575.8,  552.7,  695.3,  714.5,  738.2,  757.1,  739.7,  716.7,  584.2,  603.6,  627.3,  644.9,  664.0,  689.5,  708.1,  690.4,  666.8,  645.6,  626.0,  603.1,  595.9,  626.8,  644.7,  664.1,  697.3,  664.7,  644.8,  626.3,  368.2,  418.0,  467.4,  513.9,  555.1,  590.8,  618.2,  638.8,  646.4,  643.8,  628.4,  603.1,  567.3,  521.0,  468.4,  414.2,  361.1,  320.2,  296.4,  286.6,  287.5,  293.1,  292.6,  286.1,  285.9,  295.7,  317.1,  334.7,  361.6,  388.0,  415.5,  443.8,  448.9,  453.1,  448.8,  444.6,  349.4,  336.9,  336.1,  347.9,  353.4,  354.4,  347.8,  335.2,  336.7,  348.0,  353.4,  352.8,  522.7,  493.6,  481.3,  485.5,  481.4,  495.7,  521.2,  544.6,  553.7,  555.1,  553.2,  543.4,  520.7,  502.5,  503.1,  502.3,  520.1,  526.0,  527.4,  525.5,  -80.1,  -79.3,  -76.2,  -70.9,  -61.8,  -48.6,  -33.1,  -16.2,  1.6,  19.4,  36.7,  53.1,  66.7,  75.1,  79.2,  82.4,  84.6,  -59.4,  -50.6,  -38.4,  -25.6,  -14.0,  17.8,  31.0,  43.5,  55.2,  63.2,  2.0,  1.9,  1.8,  1.7,  -11.4,  -4.8,  1.7,  8.4,  14.7,  -43.3,  -35.1,  -25.4,  -17.6,  -25.7,  -35.1,  22.0,  29.6,  39.1,  46.9,  39.6,  30.4,  -21.6,  -13.6,  -4.7,  1.8,  8.8,  18.5,  26.1,  18.8,  9.8,  2.1,  -5.2,  -13.9,  -16.9,  -4.9,  1.7,  8.9,  21.8,  9.1,  1.8,  -5.1,  3.7,  26.0,  48.1,  68.4,  85.0,  97.8,  105.1,  109.1,  110.9,  112.0,  110.1,  102.9,  89.5,  70.0,  47.1,  23.6,  0.5,  -16.5,  -26.1,  -29.7,  -29.0,  -26.4,  -26.5,  -29.4,  -29.7,  -25.9,  -17.4,  -9.8,  0.6,  10.4,  20.2,  31.6,  33.2,  34.6,  33.1,  31.7,  -4.3,  -9.3,  -9.6,  -4.8,  -2.6,  -2.3,  -4.9,  -9.9,  -9.3,  -4.8,  -2.6,  -2.9,  62.9,  50.0,  44.8,  46.1,  44.6,  50.7,  61.7,  68.9,  71.3,  71.8,  71.4,  68.8,  61.7,  52.9,  52.8,  52.5,  60.9,  61.5,  62.0,  61.6,  393.9,  392.4,  391.7,  388.8,  381.2,  370.7,  356.3,  342.5,  339.0,  345.2,  358.8,  370.4,  377.9,  380.7,  380.5,  380.7,  383.3,  363.5,  359.2,  354.5,  349.6,  344.6,  343.3,  347.5,  350.9,  352.9,  355.0,  339.2,  332.3,  325.2,  318.2,  329.8,  327.2,  325.4,  326.6,  328.3,  355.3,  352.9,  351.6,  349.7,  350.0,  351.6,  348.1,  347.7,  348.4,  350.5,  347.3,  346.6,  338.2,  327.4,  323.2,  321.2,  321.4,  326.8,  334.7,  326.6,  321.9,  321.8,  323.5,  328.3,  336.1,  324.8,  323.0,  322.8,  332.7,  324.0,  324.0,  325.8,  2.528,  -0.082,  0.042,  0.007,  645.734,  444.637,  -22.763,  -1.337,  -12.158,  -0.133,  -9.669,  -11.783,  7.092,  2.204,  5.491,  -11.304,  -6.926,  -5.304,  9.840,  -2.238,  2.809,  0.999,  3.049,  -1.924,  -0.633,  -3.931,  -0.201,  1.055,  0.490,  -1.087,  0.039,  1.992,  0.397,  -0.211,  -0.014,  -0.384,  0.480,  -0.794,  -0.058,  0.314, 0.12, 0.09, 0.00, 0.07, 0.00, 0.29, 0.00, 0.08, 0.00, 0.00, 0.02, 0.00, 0.00, 0.00, 2.33, 1.88, 0.28, 0.00, 0.00, 0.00, 1.00, 0.00, 0.00, 0.00, 0.00, 0.00, 0.00, 0.00, 0.00, 0.00, 0.00, 1.00, 1.00, 0.00, 0.00
22,  0,  0.701,  0.98,  1,  0.110110,  0.043453,  -0.992969,  -0.130533,  0.044092,  -0.990463,  -0.010,  0.044,  550.3,  555.6,  567.9,  580.2,  585.1,  580.8,  567.5,  555.2,  537.8,  544.3,  553.1,  564.6,  577.3,  587.7,  595.7,  586.7,  575.2,  563.0,  552.5,  544.1,  562.0,  568.1,  574.3,  576.9,  574.5,  568.4,  562.2,  559.6,  706.7,  711.2,  722.6,  734.3,  739.3,  734.8,  723.4,  710.8,  695.9,  703.9,  714.2,  726.5,  737.8,  746.6,  753.1,  747.1,  738.6,  728.0,  716.0,  704.6,  717.6,  722.8,  727.8,  729.8,  727.5,  722.4,  717.4,  715.4,  346.3,  333.7,  327.9,  332.4,  344.4,  358.1,  362.8,  358.4,  350.7,  344.6,  340.3,  337.8,  338.5,  342.1,  348.4,  351.7,  353.0,  354.0,  354.1,  353.2,  352.6,  354.9,  352.0,  345.7,  339.7,  337.5,  340.4,  346.6,  343.7,  332.4,  328.2,  333.4,  345.2,  356.4,  360.7,  356.4,  348.5,  343.6,  340.0,  338.8,  340.8,  344.6,  349.7,  351.0,  351.0,  350.7,  350.4,  350.5,  350.0,  352.4,  350.5,  345.5,  340.4,  338.1,  339.9,  344.9,  -32.1,  -30.3,  -25.8,  -21.3,  -19.5,  -20.9,  -25.7,  -30.1,  -37.0,  -34.4,  -31.0,  -26.7,  -22.2,  -18.5,  -15.7,  -18.8,  -22.8,  -27.1,  -31.1,  -34.4,  -27.8,  -25.6,  -23.4,  -22.5,  -23.4,  -25.6,  -27.9,  -28.8,  24.8,  26.6,  31.0,  35.4,  37.2,  35.3,  30.9,  26.3,  20.8,  23.7,  27.5,  32.1,  36.5,  40.2,  43.0,  40.3,  36.7,  32.6,  28.1,  23.9,  29.0,  30.9,  32.8,  33.6,  32.9,  30.9,  29.0,  28.2,  -4.9,  -9.4,  -11.5,  -9.8,  -5.5,  -0.7,  1.0,  -0.6,  -3.4,  -5.5,  -7.0,  -7.9,  -7.6,  -6.3,  -4.1,  -2.9,  -2.4,  -2.1,  -2.1,  -2.4,  -2.6,  -1.8,  -2.8,  -5.1,  -7.2,  -8.1,  -7.0,  -4.8,  -6.1,  -10.3,  -12.0,  -10.0,  -5.6,  -1.3,  0.2,  -1.3,  -4.3,  -6.1,  -7.4,  -7.9,  -7.2,  -5.8,  -3.9,  -3.4,  -3.4,  -3.4,  -3.5,  -3.5,  -3.7,  -2.8,  -3.5,  -5.4,  -7.4,  -8.2,  -7.5,  -5.6,  312.7,  313.6,  313.3,  311.8,  310.0,  309.2,  309.5,  311.0,  316.6,  314.2,  311.8,  310.2,  309.7,  309.8,  310.2,  308.9,  308.0,  308.4,  310.5,  313.5,  312.0,  311.2,  311.0,  311.5,  312.4,  313.1,  313.3,  312.9,  325.5,  327.2,  328.6,  328.9,  327.8,  326.0,  324.6,  324.5,  325.7,  325.0,  324.6,  325.2,  327.0,  329.8,  332.7,  329.1,  325.9,  323.9,  323.4,  324.3,  326.4,  326.5,  327.1,  327.9,  328.4,  328.3,  327.7,  326.9,  2.0,  31.7,  338.1,  -0.206,  0.030,  0.009,  462.2,  463.3,  469.5,  480.3,  498.1,  525.2,  558.7,  598.8,  644.6,  689.4,  729.3,  764.6,  793.5,  811.8,  821.6,  828.9,  833.0,  498.0,  517.1,  545.5,  576.2,  604.8,  684.9,  717.7,  748.2,  776.5,  795.6,  644.9,  645.0,  644.9,  644.8,  609.4,  626.8,  644.7,  663.0,  679.8,  534.4,  554.1,  576.5,  595.7,  576.1,  554.3,  694.9,  713.9,  736.6,  755.4,  737.6,  715.7,  584.5,  603.4,  627.1,  645.0,  664.3,  689.6,  707.7,  690.6,  667.2,  645.9,  626.0,  603.0,  596.2,  626.6,  644.8,  664.3,  697.1,  665.1,  644.9,  626.2,  368.5,  418.1,  467.5,  513.9,  554.8,  590.4,  617.3,  637.9,  646.3,  643.9,  629.0,  603.9,  568.3,  522.0,  469.0,  414.5,  361.5,  320.1,  296.1,  286.0,  286.8,  292.2,  291.4,  285.2,  285.3,  295.4,  316.7,  335.1,  361.8,  387.9,  415.2,  442.4,  447.8,  452.3,  447.8,  443.3,  350.6,  340.0,  338.8,  348.0,  353.3,  354.4,  347.7,  337.9,  339.7,  349.0,  353.6,  352.7,  522.5,  493.2,  481.0,  485.2,  481.3,  495.5,  521.4,  545.7,  555.4,  556.9,  554.8,  544.5,  520.6,  501.9,  502.5,  501.8,  520.4,  527.4,  528.7,  526.9,  -80.0,  -79.2,  -76.5,  -71.2,  -62.0,  -48.7,  -33.1,  -16.1,  1.8,  19.6,  36.8,  53.0,  66.5,  75.0,  79.1,  82.3,  84.6,  -59.1,  -50.5,  -38.3,  -25.5,  -13.9,  17.6,  30.9,  43.4,  55.2,  63.3,  1.9,  1.9,  1.8,  1.7,  -11.5,  -4.9,  1.7,  8.6,  15.0,  -42.9,  -34.7,  -25.5,  -17.7,  -25.6,  -34.5,  21.8,  29.4,  38.5,  46.2,  38.8,  30.0,  -21.5,  -13.7,  -4.8,  1.8,  9.0,  18.6,  26.0,  18.9,  10.1,  2.2,  -5.2,  -13.9,  -16.9,  -5.0,  1.8,  9.0,  21.8,  9.3,  1.8,  -5.2,  3.8,  26.1,  48.2,  68.6,  85.1,  97.8,  104.8,  108.8,  111.1,  112.4,  110.8,  103.7,  90.3,  70.7,  47.5,  23.7,  0.7,  -16.6,  -26.3,  -30.0,  -29.3,  -26.7,  -26.9,  -29.7,  -30.0,  -26.1,  -17.6,  -9.6,  0.7,  10.4,  20.1,  31.1,  32.9,  34.4,  32.8,  31.3,  -3.8,  -8.1,  -8.5,  -4.8,  -2.7,  -2.2,  -4.9,  -8.8,  -8.1,  -4.4,  -2.6,  -2.9,  62.9,  49.9,  44.8,  46.0,  44.6,  50.7,  61.9,  69.5,  72.2,  72.7,  72.3,  69.4,  61.8,  52.8,  52.7,  52.4,  61.1,  62.2,  62.7,  62.3,  393.6,  392.3,  392.4,  390.0,  382.3,  371.6,  356.3,  342.5,  339.6,  346.4,  360.5,  372.0,  379.4,  382.0,  381.2,  381.1,  383.7,  364.2,  359.7,  354.8,  349.7,  344.2,  342.7,  347.3,  351.1,  353.6,  356.2,  339.1,  332.4,  325.5,  318.8,  330.3,  327.8,  325.9,  327.3,  329.1,  355.4,  353.0,  351.8,  350.2,  350.3,  351.7,  348.1,  347.8,  348.5,  350.6,  347.5,  346.8,  338.7,  327.9,  323.7,  321.7,  321.9,  327.3,  335.4,  327.5,  323.2,  323.0,  324.6,  329.2,  336.6,  325.4,  323.6,  323.5,  333.6,  325.1,  325.1,  326.9,  2.524,  -0.076,  0.039,  0.008,  645.661,  444.837,  -22.942,  -1.415,  -11.028,  0.244,  -9.551,  -12.631,  8.398,  2.978,  4.956,  -10.943,  -7.228,  -7.716,  10.225,  -2.904,  3.091,  1.914,  1.823,  -3.042,  -2.559,  -4.812,  0.605,  0.688,  1.521,  -2.272,  -1.001,  2.227,  0.183,  -0.069,  0.184,  -0.438,  0.570,  -0.773,  0.015,  0.207, 0.13, 0.17, 0.00, 0.07, 0.00, 0.56, 0.00, 0.03, 0.00, 0.00, 0.03, 0.00, 0.00, 0.00, 2.54, 1.99, 1.02, 0.00, 0.00, 0.00, 0.00, 0.00, 0.00, 0.00, 0.00, 0.00, 0.00, 0.00, 0.00, 0.00, 0.00, 1.00, 1.00, 0.00, 1.00
23,  0,  0.734,  0.98,  1,  0.086009,  0.078443,  -0.993201,  -0.113237,  0.102996,  -0.988215,  -0.014,  0.091,  554.0,  557.5,  567.7,  578.5,  583.8,  581.2,  570.1,  559.3,  540.5,  547.2,  556.0,  566.5,  577.6,  587.7,  595.8,  588.6,  578.1,  566.9,  556.1,  547.1,  565.1,  569.7,  574.1,  575.5,  573.3,  568.7,  564.3,  562.8,  707.8,  712.2,  722.8,  733.4,  737.7,  733.3,  722.7,  711.3,  697.2,  704.4,  713.7,  724.7,  735.4,  744.1,  751.5,  745.0,  736.4,  726.5,  715.4,  704.7,  718.1,  722.5,  727.0,  728.9,  727.1,  722.6,  718.1,  716.3,  349.2,  338.0,  332.5,  335.8,  346.0,  358.0,  362.8,  359.5,  352.0,  348.1,  344.7,  342.6,  343.0,  344.9,  347.4,  350.8,  352.0,  353.2,  354.1,  354.0,  353.1,  354.6,  352.2,  347.4,  343.0,  341.6,  344.0,  348.7,  348.6,  338.7,  334.9,  339.5,  349.9,  359.8,  363.6,  359.9,  349.8,  347.5,  345.6,  345.2,  346.9,  349.5,  353.7,  356.4,  357.2,  357.0,  355.8,  354.5,  354.2,  356.2,  354.6,  350.4,  346.0,  344.1,  345.7,  349.9,  -35.0,  -33.7,  -29.5,  -25.0,  -22.8,  -23.9,  -28.3,  -32.8,  -41.2,  -38.1,  -34.2,  -29.8,  -25.3,  -21.3,  -18.0,  -20.9,  -25.0,  -29.6,  -34.0,  -38.0,  -30.5,  -28.6,  -26.8,  -26.3,  -27.2,  -29.1,  -30.9,  -31.5,  27.7,  29.6,  34.1,  38.4,  40.0,  38.0,  33.5,  29.0,  23.4,  26.3,  30.0,  34.4,  38.9,  42.7,  46.1,  43.0,  39.2,  35.0,  30.5,  26.3,  31.9,  33.7,  35.6,  36.4,  35.7,  33.9,  32.0,  31.2,  -4.4,  -9.0,  -11.2,  -9.9,  -5.7,  -0.8,  1.1,  -0.2,  -3.3,  -4.9,  -6.2,  -7.1,  -6.9,  -6.1,  -5.1,  -3.7,  -3.2,  -2.7,  -2.4,  -2.5,  -2.8,  -2.2,  -3.2,  -5.1,  -6.9,  -7.5,  -6.6,  -4.6,  -4.6,  -8.7,  -10.3,  -8.4,  -4.1,  -0.1,  1.5,  -0.0,  -4.2,  -5.1,  -5.8,  -6.0,  -5.3,  -4.3,  -2.6,  -1.5,  -1.1,  -1.2,  -1.7,  -2.3,  -2.4,  -1.6,  -2.2,  -3.9,  -5.7,  -6.5,  -5.9,  -4.1,  356.7,  357.3,  357.1,  356.3,  355.3,  354.9,  354.8,  355.7,  362.0,  358.9,  356.2,  354.6,  354.5,  355.6,  357.0,  355.0,  353.6,  353.6,  355.2,  358.2,  356.7,  356.3,  356.3,  356.5,  357.0,  357.3,  357.4,  357.1,  357.1,  359.0,  360.0,  359.6,  358.0,  356.1,  355.1,  355.6,  358.2,  356.8,  355.6,  355.5,  356.8,  359.0,  361.9,  358.3,  355.5,  353.9,  353.9,  355.7,  357.5,  357.3,  357.7,  358.5,  359.2,  359.4,  358.9,  358.1,  2.2,  31.9,  340.4,  -0.210,  0.031,  0.011,  462.0,  463.4,  469.4,  480.3,  498.2,  525.6,  558.6,  599.0,  645.4,  690.2,  730.4,  765.1,  793.5,  811.4,  821.1,  829.1,  834.5,  499.6,  517.6,  545.7,  576.7,  605.7,  684.9,  717.9,  748.3,  776.6,  796.0,  645.3,  645.6,  645.6,  645.5,  610.1,  627.6,  645.5,  663.9,  680.7,  537.1,  556.7,  577.7,  596.7,  577.8,  557.5,  694.8,  713.7,  735.1,  753.8,  735.6,  714.8,  585.5,  604.0,  627.7,  645.7,  664.8,  689.9,  707.4,  690.5,  667.6,  646.5,  626.6,  603.6,  597.2,  627.3,  645.5,  664.7,  696.8,  665.4,  645.6,  626.8,  368.2,  418.0,  467.5,  513.6,  553.9,  589.0,  615.7,  636.7,  645.9,  643.9,  629.3,  604.4,  568.6,  521.7,  468.2,  414.1,  362.1,  319.6,  294.7,  283.5,  284.4,  289.9,  290.2,  284.7,  285.2,  295.3,  316.1,  336.1,  362.0,  387.5,  414.2,  440.7,  446.5,  451.3,  446.4,  441.7,  352.3,  344.4,  342.9,  348.5,  353.9,  355.2,  349.5,  343.9,  346.3,  353.0,  356.7,  355.3,  520.9,  491.2,  479.1,  483.4,  479.9,  494.4,  521.2,  545.8,  555.5,  556.8,  554.6,  544.1,  519.0,  500.7,  501.5,  501.1,  519.9,  526.2,  527.3,  525.4,  -80.6,  -79.8,  -77.1,  -71.8,  -62.3,  -48.7,  -33.1,  -16.1,  2.1,  20.0,  37.6,  53.6,  66.9,  75.1,  79.0,  82.5,  85.4,  -58.9,  -50.7,  -38.5,  -25.5,  -13.6,  17.6,  31.1,  43.7,  55.6,  64.0,  2.1,  2.1,  2.1,  2.0,  -11.4,  -4.7,  2.1,  9.0,  15.5,  -42.0,  -33.8,  -25.2,  -17.5,  -25.1,  -33.4,  21.9,  29.4,  38.1,  45.8,  38.2,  29.8,  -21.2,  -13.6,  -4.6,  2.1,  9.2,  18.8,  26.0,  19.0,  10.3,  2.4,  -5.0,  -13.8,  -16.5,  -4.8,  2.0,  9.2,  21.8,  9.5,  2.1,  -5.0,  3.7,  26.2,  48.6,  69.0,  85.1,  97.5,  104.1,  108.5,  111.6,  113.3,  111.9,  104.7,  90.9,  70.8,  47.2,  23.6,  0.9,  -17.0,  -27.1,  -31.2,  -30.4,  -27.7,  -27.4,  -30.0,  -30.2,  -26.3,  -18.0,  -9.3,  0.8,  10.3,  20.0,  30.8,  32.8,  34.4,  32.7,  31.1,  -3.2,  -6.3,  -6.9,  -4.6,  -2.4,  -1.9,  -4.2,  -6.4,  -5.5,  -2.8,  -1.3,  -1.9,  62.6,  49.5,  44.4,  45.7,  44.4,  50.5,  62.1,  69.9,  72.8,  73.1,  72.7,  69.6,  61.5,  52.7,  52.8,  52.5,  61.3,  62.2,  62.6,  62.2,  396.4,  395.1,  395.5,  393.2,  384.2,  372.6,  356.3,  343.0,  341.6,  349.1,  363.7,  374.8,  381.4,  383.4,  381.8,  381.6,  384.3,  367.2,  362.8,  357.4,  352.2,  346.1,  343.8,  348.9,  353.0,  356.0,  358.8,  341.3,  335.3,  329.0,  323.0,  333.3,  331.3,  329.4,  330.9,  332.6,  357.3,  355.0,  354.1,  352.7,  352.7,  353.9,  350.2,  349.6,  350.2,  352.2,  349.6,  349.0,  340.3,  329.9,  326.1,  324.1,  324.2,  329.0,  337.2,  329.4,  325.6,  325.2,  326.8,  331.0,  338.2,  327.9,  326.2,  325.8,  335.4,  327.5,  327.4,  329.1,  2.508,  -0.080,  0.042,  0.010,  646.120,  444.714,  -24.746,  0.263,  -12.653,  -2.173,  -9.785,  -14.867,  9.134,  3.596,  3.113,  -12.066,  -10.359,  -11.973,  9.204,  -3.155,  3.324,  1.463,  0.434,  -4.792,  -4.500,  -6.366,  1.929,  -0.959,  2.673,  -3.797,  -2.506,  2.888,  -0.498,  0.706,  -0.144,  -0.933,  0.795,  -0.821,  -0.531,  0.517, 0.25, 0.38, 0.00, 0.00, 0.00, 0.66, 0.01, 0.02, 0.00, 0.00, 0.10, 0.00, 0.00, 0.00, 2.45, 2.00, 1.91, 0.00, 1.00, 0.00, 0.00, 0.00, 0.00, 0.00, 0.00, 0.00, 0.00, 0.00, 0.00, 0.00, 0.00, 1.00, 1.00, 0.00, 1.00
24,  0,  0.767,  0.98,  1,  0.085745,  0.077228,  -0.993320,  -0.145381,  0.154193,  -0.977287,  -0.030,  0.117,  555.3,  558.4,  568.0,  578.7,  584.1,  581.9,  571.4,  560.7,  540.9,  548.0,  557.1,  567.8,  578.6,  588.0,  595.5,  589.2,  579.5,  568.7,  558.0,  548.4,  565.9,  570.5,  574.6,  576.0,  573.6,  569.1,  564.9,  563.6,  708.3,  713.0,  723.8,  734.3,  738.3,  733.6,  722.8,  711.6,  698.5,  705.3,  714.3,  726.2,  738.0,  747.3,  754.4,  746.9,  737.7,  727.4,  716.0,  705.7,  719.0,  723.2,  727.5,  729.4,  727.8,  723.5,  719.2,  717.3,  349.3,  338.4,  332.9,  336.0,  346.0,  357.6,  362.3,  359.2,  352.6,  348.7,  345.2,  342.9,  342.9,  344.5,  346.8,  350.1,  351.4,  352.9,  354.0,  354.2,  352.9,  354.3,  351.9,  347.2,  343.0,  341.6,  344.0,  348.7,  349.6,  338.8,  334.6,  339.5,  350.5,  361.3,  365.5,  361.3,  348.0,  345.7,  344.8,  345.1,  347.0,  349.1,  352.2,  355.8,  357.3,  357.5,  355.9,  353.1,  354.1,  356.0,  354.3,  350.0,  345.5,  343.6,  345.3,  349.6,  -35.6,  -34.4,  -30.3,  -25.8,  -23.5,  -24.4,  -28.8,  -33.3,  -42.2,  -38.9,  -34.8,  -30.2,  -25.7,  -21.9,  -18.8,  -21.4,  -25.3,  -29.8,  -34.4,  -38.6,  -31.2,  -29.3,  -27.5,  -27.0,  -28.0,  -29.9,  -31.7,  -32.2,  27.6,  29.4,  33.7,  37.9,  39.7,  37.8,  33.5,  29.0,  23.7,  26.3,  29.8,  34.5,  39.4,  43.4,  46.7,  43.3,  39.3,  35.1,  30.5,  26.5,  32.0,  33.7,  35.4,  36.1,  35.5,  33.7,  32.0,  31.3,  -4.5,  -9.1,  -11.4,  -10.1,  -5.9,  -1.0,  1.0,  -0.3,  -3.1,  -4.8,  -6.2,  -7.2,  -7.2,  -6.5,  -5.6,  -4.2,  -3.6,  -3.0,  -2.5,  -2.4,  -3.0,  -2.4,  -3.4,  -5.4,  -7.2,  -7.7,  -6.8,  -4.8,  -4.2,  -8.6,  -10.2,  -8.3,  -3.8,  0.5,  2.2,  0.5,  -4.8,  -5.7,  -6.1,  -6.0,  -5.2,  -4.4,  -3.2,  -1.7,  -1.1,  -1.0,  -1.7,  -2.8,  -2.4,  -1.6,  -2.3,  -4.1,  -5.8,  -6.6,  -6.0,  -4.2,  367.9,  368.5,  368.7,  368.4,  367.8,  367.5,  367.1,  367.3,  372.6,  369.7,  367.4,  366.2,  366.7,  368.3,  370.1,  367.9,  366.0,  365.5,  366.6,  369.1,  368.5,  368.4,  368.5,  368.7,  368.9,  369.1,  369.0,  368.7,  353.2,  352.4,  352.0,  352.2,  352.9,  353.7,  354.1,  354.3,  354.6,  352.3,  350.4,  349.8,  351.4,  353.8,  357.4,  354.6,  352.4,  351.1,  351.1,  352.8,  354.3,  354.3,  354.2,  353.8,  353.6,  353.5,  353.6,  354.0,  2.7,  31.4,  340.4,  -0.216,  0.025,  0.009,  462.6,  463.8,  469.8,  480.7,  498.7,  526.4,  559.8,  600.6,  647.2,  692.0,  732.0,  766.3,  794.1,  811.7,  821.1,  829.2,  834.7,  500.7,  518.4,  546.2,  577.1,  606.1,  687.6,  720.3,  750.2,  777.9,  796.9,  646.8,  647.1,  647.2,  647.2,  611.6,  629.2,  647.2,  665.6,  682.5,  538.0,  557.7,  578.6,  597.6,  578.8,  558.6,  696.5,  715.3,  736.7,  755.4,  737.2,  716.5,  587.3,  605.7,  629.4,  647.5,  666.6,  691.5,  708.7,  692.3,  669.5,  648.4,  628.3,  605.3,  599.1,  628.9,  647.3,  666.4,  698.1,  667.2,  647.4,  628.4,  367.2,  417.3,  467.0,  513.5,  554.0,  588.9,  614.7,  634.7,  643.5,  641.4,  627.3,  603.1,  567.7,  521.1,  467.9,  413.9,  362.4,  317.9,  292.7,  281.0,  281.6,  286.9,  286.6,  281.1,  281.5,  291.7,  312.4,  335.0,  360.8,  386.0,  412.5,  439.2,  445.0,  449.7,  444.8,  440.1,  352.5,  344.8,  343.2,  348.1,  353.8,  355.1,  348.7,  343.6,  345.8,  352.2,  355.8,  354.5,  520.0,  489.6,  477.2,  481.5,  477.9,  492.6,  520.0,  544.2,  554.0,  555.4,  553.3,  543.0,  517.9,  498.8,  499.6,  499.2,  518.6,  525.1,  526.3,  524.6,  -80.2,  -79.4,  -76.8,  -71.4,  -61.9,  -48.3,  -32.6,  -15.4,  2.8,  20.8,  38.2,  54.1,  67.2,  75.2,  79.0,  82.6,  85.7,  -58.4,  -50.5,  -38.4,  -25.4,  -13.4,  18.7,  32.1,  44.6,  56.3,  64.6,  2.7,  2.7,  2.7,  2.7,  -10.8,  -4.1,  2.7,  9.7,  16.2,  -41.7,  -33.4,  -24.8,  -17.1,  -24.7,  -32.9,  22.6,  30.1,  38.8,  46.5,  38.9,  30.6,  -20.5,  -12.9,  -4.0,  2.8,  9.8,  19.4,  26.5,  19.7,  11.0,  3.1,  -4.4,  -13.1,  -15.8,  -4.2,  2.7,  9.8,  22.3,  10.2,  2.8,  -4.4,  3.3,  25.8,  48.2,  68.8,  85.0,  97.3,  103.5,  107.5,  110.5,  112.2,  111.0,  104.1,  90.5,  70.5,  47.0,  23.5,  1.0,  -17.6,  -27.9,  -32.3,  -31.6,  -28.9,  -28.9,  -31.5,  -31.7,  -27.9,  -19.6,  -9.8,  0.3,  9.8,  19.4,  30.2,  32.2,  33.8,  32.1,  30.5,  -3.1,  -6.2,  -6.8,  -4.8,  -2.5,  -2.0,  -4.5,  -6.6,  -5.7,  -3.1,  -1.7,  -2.2,  62.1,  48.8,  43.7,  45.0,  43.7,  49.9,  61.7,  69.4,  72.2,  72.6,  72.2,  69.1,  60.9,  52.0,  52.0,  51.8,  60.8,  61.8,  62.3,  61.9,  395.6,  394.2,  394.6,  392.3,  383.5,  371.8,  355.6,  342.5,  341.2,  348.9,  363.5,  374.7,  381.3,  383.2,  381.7,  381.9,  385.1,  367.0,  363.1,  357.8,  352.7,  346.6,  344.3,  349.7,  353.8,  357.0,  359.9,  341.9,  335.9,  329.8,  323.8,  333.6,  331.8,  329.9,  331.5,  333.2,  357.2,  354.9,  354.1,  352.7,  352.7,  353.8,  350.5,  350.1,  350.7,  352.9,  350.2,  349.5,  339.8,  329.7,  326.1,  324.1,  324.3,  329.2,  337.4,  329.5,  325.8,  325.2,  326.6,  330.6,  337.8,  327.7,  326.1,  325.8,  335.5,  327.8,  327.6,  329.2,  2.507,  -0.087,  0.034,  0.008,  647.453,  443.365,  -26.577,  0.147,  -13.583,  -2.394,  -8.690,  -16.174,  8.625,  4.467,  1.469,  -11.678,  -11.154,  -11.943,  9.446,  -3.096,  3.805,  1.998,  -0.236,  -4.582,  -5.631,  -6.097,  2.506,  -0.760,  2.903,  -4.545,  -2.166,  2.511,  -0.420,  0.444,  -0.144,  -1.007,  0.953,  -0.775,  -0.599,  0.645, 0.47, 0.63, 0.00, 0.00, 0.00, 0.79, 0.01, 0.06, 0.00, 0.00, 0.19, 0.00, 0.00, 0.00, 2.34, 1.84, 2.35, 1.00, 1.00, 0.00, 0.00, 0.00, 0.00, 0.00, 0.00, 0.00, 0.00, 0.00, 0.00, 0.00, 0.00, 1.00, 1.00, 0.00, 1.00
25,  0,  0.801,  0.98,  1,  0.100074,  0.059737,  -0.993185,  -0.101658,  0.053366,  -0.993387,  -0.001,  0.057,  554.7,  558.7,  569.7,  581.2,  586.5,  583.4,  571.4,  559.9,  541.7,  548.4,  557.1,  567.8,  579.6,  589.9,  598.3,  590.1,  579.2,  567.7,  557.1,  548.4,  566.2,  571.4,  576.4,  578.2,  575.8,  570.6,  565.6,  563.8,  710.2,  714.8,  725.9,  737.0,  741.6,  737.0,  725.9,  713.9,  698.6,  706.7,  716.9,  728.5,  739.1,  747.8,  754.7,  748.7,  740.3,  730.1,  718.6,  707.2,  720.6,  725.5,  730.4,  732.4,  730.4,  725.5,  720.6,  718.6,  347.5,  335.6,  329.7,  333.2,  344.0,  356.8,  361.8,  358.4,  351.2,  346.2,  342.3,  339.7,  340.0,  342.4,  346.3,  349.8,  351.1,  352.4,  353.1,  353.0,  352.2,  353.8,  351.1,  345.7,  340.7,  339.1,  341.8,  347.2,  341.9,  332.3,  329.3,  334.7,  345.3,  355.0,  358.0,  353.6,  345.4,  342.6,  340.4,  340.0,  342.1,  345.6,  350.5,  351.3,  350.7,  349.8,  348.8,  348.4,  348.7,  351.1,  349.8,  345.5,  340.9,  338.5,  339.8,  344.1,  -32.8,  -31.4,  -27.1,  -22.6,  -20.5,  -21.6,  -26.2,  -30.7,  -38.3,  -35.4,  -31.8,  -27.6,  -23.1,  -19.2,  -16.0,  -19.0,  -23.1,  -27.5,  -31.7,  -35.4,  -28.4,  -26.3,  -24.4,  -23.7,  -24.7,  -26.8,  -28.7,  -29.4,  27.1,  29.1,  33.6,  37.9,  39.5,  37.4,  33.0,  28.4,  22.7,  25.7,  29.6,  34.1,  38.4,  42.0,  45.1,  42.3,  38.7,  34.5,  30.1,  25.8,  31.2,  33.1,  35.0,  35.9,  35.2,  33.3,  31.4,  30.5,  -4.8,  -9.4,  -11.7,  -10.3,  -6.1,  -1.2,  0.7,  -0.6,  -3.4,  -5.3,  -6.8,  -7.7,  -7.6,  -6.7,  -5.2,  -3.9,  -3.4,  -2.9,  -2.6,  -2.7,  -3.0,  -2.4,  -3.4,  -5.5,  -7.4,  -8.0,  -7.0,  -4.9,  -7.0,  -10.8,  -12.0,  -9.9,  -5.7,  -1.9,  -0.8,  -2.5,  -5.7,  -6.7,  -7.5,  -7.7,  -6.9,  -5.6,  -3.7,  -3.4,  -3.6,  -3.9,  -4.3,  -4.5,  -4.4,  -3.4,  -4.0,  -5.6,  -7.5,  -8.4,  -7.9,  -6.2,  336.9,  337.9,  337.7,  336.4,  334.8,  334.0,  334.0,  335.3,  341.3,  338.4,  335.8,  334.2,  333.9,  334.5,  335.5,  333.7,  332.5,  332.7,  334.6,  337.6,  336.4,  335.8,  335.7,  336.2,  336.9,  337.5,  337.6,  337.1,  338.0,  340.5,  342.2,  342.0,  340.1,  337.5,  335.8,  336.0,  338.2,  337.2,  336.6,  337.1,  338.8,  341.4,  344.5,  340.5,  337.3,  335.3,  334.9,  336.1,  338.4,  338.3,  339.1,  340.2,  341.1,  341.1,  340.4,  339.3,  3.1,  30.5,  338.9,  -0.228,  0.022,  0.006,  463.1,  464.4,  470.5,  481.5,  499.6,  527.3,  561.0,  601.7,  647.9,  692.5,  732.2,  767.0,  795.3,  813.1,  822.3,  829.8,  834.6,  500.7,  518.2,  546.1,  577.2,  606.2,  689.0,  721.5,  751.5,  779.3,  798.0,  647.8,  648.3,  648.5,  648.6,  613.0,  630.6,  648.6,  666.9,  683.6,  538.1,  557.9,  579.4,  598.5,  579.4,  558.6,  697.5,  716.3,  738.3,  757.0,  739.1,  717.9,  588.6,  607.6,  631.3,  648.9,  667.4,  692.4,  710.1,  693.2,  670.3,  649.7,  630.2,  607.2,  600.4,  630.7,  648.6,  667.3,  699.5,  667.9,  648.7,  630.2,  368.5,  418.0,  467.3,  513.5,  553.7,  588.2,  613.2,  632.7,  641.1,  639.0,  625.3,  601.6,  566.8,  520.6,  467.6,  413.2,  361.2,  317.4,  292.0,  280.0,  280.4,  285.6,  283.9,  277.7,  277.9,  288.5,  310.1,  332.9,  359.1,  384.7,  411.5,  438.3,  444.0,  448.5,  443.8,  439.2,  351.0,  342.0,  340.3,  346.5,  352.4,  353.8,  345.6,  338.8,  340.7,  348.1,  352.1,  351.1,  519.1,  488.8,  476.0,  480.1,  476.2,  490.9,  517.9,  541.4,  550.6,  552.0,  550.2,  540.4,  516.8,  498.0,  498.4,  497.8,  516.6,  522.0,  523.2,  521.7,  -79.6,  -78.7,  -76.0,  -70.6,  -61.2,  -47.6,  -31.9,  -14.9,  3.1,  20.8,  38.0,  54.2,  67.5,  75.7,  79.6,  82.9,  85.7,  -58.3,  -50.5,  -38.4,  -25.3,  -13.4,  19.3,  32.6,  45.1,  56.8,  65.0,  3.1,  3.2,  3.2,  3.2,  -10.2,  -3.5,  3.2,  10.1,  16.5,  -41.5,  -33.2,  -24.5,  -16.7,  -24.4,  -32.8,  23.0,  30.5,  39.4,  47.2,  39.6,  31.0,  -19.9,  -12.2,  -3.2,  3.3,  10.1,  19.6,  27.0,  19.9,  11.2,  3.6,  -3.6,  -12.3,  -15.2,  -3.5,  3.2,  10.1,  22.7,  10.4,  3.2,  -3.7,  3.8,  26.0,  48.1,  68.4,  84.5,  96.5,  102.4,  106.2,  108.9,  110.4,  109.5,  103.0,  89.9,  70.3,  47.0,  23.3,  0.5,  -17.8,  -28.2,  -32.7,  -32.1,  -29.5,  -30.0,  -32.9,  -33.2,  -29.2,  -20.5,  -10.6,  -0.3,  9.3,  19.0,  29.7,  31.7,  33.2,  31.6,  30.0,  -3.7,  -7.3,  -7.9,  -5.4,  -3.1,  -2.5,  -5.8,  -8.5,  -7.7,  -4.8,  -3.2,  -3.5,  61.5,  48.4,  43.0,  44.3,  42.9,  49.1,  60.7,  67.9,  70.5,  70.9,  70.5,  67.8,  60.3,  51.4,  51.4,  51.1,  59.8,  60.3,  60.7,  60.5,  393.8,  392.1,  392.1,  389.7,  381.4,  370.0,  353.9,  340.7,  338.8,  346.3,  361.0,  373.0,  380.5,  382.9,  382.0,  382.2,  385.3,  366.2,  362.5,  357.5,  352.5,  346.6,  344.6,  350.0,  354.0,  357.1,  359.7,  341.4,  335.1,  328.6,  322.3,  332.0,  330.2,  328.4,  330.0,  331.9,  356.5,  354.3,  353.4,  351.9,  351.8,  353.0,  349.9,  349.7,  350.5,  352.7,  349.7,  348.9,  338.5,  328.5,  324.6,  322.7,  322.9,  328.0,  336.3,  327.7,  323.4,  323.0,  324.4,  328.8,  336.4,  326.2,  324.6,  324.3,  334.3,  325.7,  325.5,  327.2,  2.516,  -0.100,  0.026,  0.005,  648.472,  441.589,  -25.529,  -1.793,  -14.468,  -1.129,  -8.466,  -14.272,  7.501,  4.138,  1.113,  -10.750,  -10.473,  -10.398,  10.388,  -3.539,  4.184,  2.495,  0.937,  -4.060,  -4.634,  -4.961,  1.911,  -0.851,  3.314,  -3.644,  -1.619,  2.671,  0.262,  0.088,  0.229,  -0.973,  1.101,  -0.532,  0.061,  0.294, 0.71, 0.91, 0.00, 0.00, 0.00, 0.66, 0.00, 0.06, 0.00, 0.00, 0.23, 0.00, 0.00, 0.00, 2.07, 1.53, 2.01, 1.00, 1.00, 0.00, 0.00, 0.00, 0.00, 0.00, 0.00, 0.00, 0.00, 0.00, 0.00, 0.00, 0.00, 1.00, 1.00, 0.00, 1.00
26,  0,  0.834,  0.98,  1,  0.114972,  0.031586,  -0.992866,  -0.107238,  0.039701,  -0.993440,  0.004,  0.036,  552.9,  557.9,  569.9,  582.0,  587.0,  583.0,  570.0,  557.9,  540.3,  546.7,  555.4,  566.9,  579.5,  589.9,  597.9,  589.1,  577.5,  565.3,  554.9,  546.6,  564.6,  570.5,  576.4,  578.8,  576.4,  570.5,  564.6,  562.2,  709.1,  713.4,  724.7,  736.4,  741.6,  737.3,  726.0,  713.4,  697.6,  705.9,  716.4,  728.4,  739.3,  747.9,  754.4,  748.6,  740.2,  729.6,  717.8,  706.4,  719.9,  725.1,  730.1,  732.1,  729.7,  724.5,  719.5,  717.6,  345.8,  333.3,  327.5,  331.7,  343.4,  356.9,  361.7,  357.5,  350.6,  344.3,  339.8,  336.9,  337.4,  340.7,  346.4,  350.1,  351.6,  353.0,  353.4,  352.8,  351.7,  353.7,  350.8,  344.8,  339.1,  337.1,  339.9,  345.9,  340.9,  330.0,  326.0,  331.3,  342.8,  353.7,  357.7,  353.5,  345.5,  340.7,  337.4,  336.3,  338.4,  342.4,  347.6,  348.5,  348.2,  347.7,  347.3,  347.4,  347.5,  349.9,  348.1,  343.2,  338.1,  335.7,  337.5,  342.4,  -31.5,  -29.8,  -25.4,  -20.9,  -19.0,  -20.4,  -25.1,  -29.5,  -36.5,  -33.9,  -30.5,  -26.2,  -21.7,  -18.0,  -15.1,  -18.2,  -22.3,  -26.6,  -30.6,  -33.9,  -27.2,  -25.0,  -22.9,  -22.1,  -23.0,  -25.2,  -27.3,  -28.1,  25.8,  27.6,  32.0,  36.4,  38.3,  36.4,  32.0,  27.3,  21.5,  24.6,  28.5,  33.0,  37.3,  40.9,  43.7,  41.0,  37.5,  33.3,  28.9,  24.7,  29.9,  31.9,  33.9,  34.7,  33.9,  31.9,  29.9,  29.1,  -5.1,  -9.7,  -11.8,  -10.2,  -5.9,  -1.1,  0.6,  -0.9,  -3.4,  -5.7,  -7.3,  -8.3,  -8.1,  -6.9,  -4.9,  -3.5,  -3.0,  -2.5,  -2.4,  -2.6,  -3.0,  -2.3,  -3.3,  -5.5,  -7.6,  -8.3,  -7.3,  -5.1,  -7.1,  -11.3,  -12.9,  -10.9,  -6.5,  -2.4,  -0.9,  -2.4,  -5.4,  -7.2,  -8.4,  -8.9,  -8.1,  -6.7,  -4.8,  -4.3,  -4.4,  -4.6,  -4.7,  -4.7,  -4.7,  -3.8,  -4.5,  -6.3,  -8.3,  -9.2,  -8.5,  -6.6,  316.4,  317.4,  317.0,  315.5,  313.8,  312.9,  313.2,  314.7,  320.4,  318.0,  315.6,  314.0,  313.5,  313.6,  314.1,  312.6,  311.7,  312.1,  314.2,  317.2,  315.7,  315.0,  314.8,  315.3,  316.1,  316.8,  317.0,  316.5,  326.9,  329.0,  330.7,  331.0,  329.6,  327.5,  325.9,  325.7,  327.1,  326.6,  326.3,  327.0,  328.8,  331.5,  334.4,  330.7,  327.5,  325.4,  324.8,  325.6,  327.9,  328.0,  328.7,  329.7,  330.2,  330.1,  329.4,  328.4,  3.1,  30.0,  338.9,  -0.236,  0.021,  0.002,  462.9,  464.1,  470.3,  481.2,  499.4,  527.6,  562.2,  603.5,  649.5,  693.6,  732.6,  767.4,  795.6,  813.6,  822.9,  829.9,  833.9,  499.6,  517.9,  546.1,  577.0,  605.8,  688.7,  721.2,  751.2,  779.1,  797.7,  647.5,  648.0,  648.4,  648.6,  613.1,  630.6,  648.5,  666.6,  683.3,  536.8,  556.5,  578.8,  597.8,  578.5,  556.8,  696.9,  715.6,  738.1,  756.9,  739.4,  717.6,  588.9,  608.0,  631.1,  648.9,  667.7,  692.3,  710.2,  693.3,  670.7,  649.9,  630.3,  607.7,  600.6,  630.6,  648.7,  667.7,  699.6,  668.4,  648.8,  630.2,  368.8,  418.4,  467.8,  514.4,  554.6,  588.6,  612.8,  630.8,  637.8,  635.5,  622.1,  599.3,  565.7,  520.5,  468.1,  413.7,  361.3,  316.8,  291.7,  280.2,  280.4,  285.5,  283.0,  276.5,  276.6,  287.2,  309.4,  332.1,  358.4,  384.2,  411.0,  438.7,  444.1,  448.3,  443.7,  439.1,  350.2,  339.6,  338.1,  346.4,  352.2,  353.6,  344.8,  335.5,  337.0,  345.9,  350.5,  349.9,  518.3,  488.5,  475.9,  479.8,  475.8,  490.2,  516.3,  537.9,  546.5,  548.0,  546.3,  537.4,  515.8,  497.2,  497.6,  496.7,  514.9,  519.3,  520.7,  519.3,  -79.8,  -78.9,  -76.1,  -70.7,  -61.3,  -47.6,  -31.5,  -14.2,  3.7,  21.1,  38.1,  54.1,  67.5,  75.9,  80.0,  83.2,  85.7,  -58.7,  -50.6,  -38.4,  -25.4,  -13.6,  19.2,  32.5,  45.1,  56.9,  65.0,  2.9,  3.1,  3.2,  3.2,  -10.2,  -3.5,  3.2,  10.0,  16.4,  -42.1,  -33.8,  -24.7,  -17.0,  -24.7,  -33.6,  22.8,  30.3,  39.4,  47.2,  39.8,  31.0,  -19.8,  -12.0,  -3.3,  3.3,  10.2,  19.6,  27.0,  20.0,  11.3,  3.6,  -3.6,  -12.1,  -15.2,  -3.5,  3.2,  10.3,  22.8,  10.6,  3.3,  -3.7,  4.0,  26.2,  48.3,  68.7,  84.8,  96.7,  102.3,  105.4,  107.3,  108.6,  107.7,  101.7,  89.2,  70.2,  47.3,  23.5,  0.6,  -18.1,  -28.3,  -32.7,  -32.1,  -29.6,  -30.4,  -33.5,  -33.8,  -29.8,  -20.9,  -10.9,  -0.6,  9.1,  18.8,  29.9,  31.7,  33.1,  31.6,  30.0,  -4.0,  -8.3,  -8.8,  -5.5,  -3.1,  -2.6,  -6.1,  -9.8,  -9.2,  -5.7,  -3.8,  -4.0,  61.2,  48.2,  43.0,  44.2,  42.8,  48.8,  60.1,  66.6,  68.9,  69.4,  69.1,  66.7,  59.8,  51.1,  51.0,  50.7,  59.2,  59.3,  59.8,  59.6,  394.3,  392.5,  392.1,  389.5,  381.3,  370.0,  354.2,  340.7,  338.0,  345.1,  359.5,  371.7,  379.6,  382.8,  382.8,  383.4,  386.8,  366.2,  362.7,  358.0,  353.0,  347.5,  345.5,  350.7,  354.9,  358.1,  361.0,  342.1,  335.6,  328.9,  322.3,  332.3,  330.2,  328.4,  329.9,  331.7,  357.0,  354.7,  353.7,  352.1,  352.0,  353.2,  350.5,  350.5,  351.4,  353.7,  350.3,  349.4,  338.2,  328.4,  324.8,  322.9,  323.2,  328.3,  336.3,  327.7,  323.3,  322.9,  324.3,  328.7,  336.1,  326.1,  324.5,  324.3,  334.2,  325.7,  325.6,  327.3,  2.514,  -0.110,  0.024,  0.001,  648.412,  440.486,  -24.393,  -1.894,  -15.503,  -1.727,  -6.936,  -12.708,  7.514,  4.126,  1.195,  -9.728,  -9.721,  -8.117,  10.068,  -2.504,  5.022,  3.625,  0.454,  -3.330,  -3.983,  -4.228,  0.610,  0.057,  2.194,  -2.952,  -0.879,  2.095,  0.245,  -0.292,  0.209,  -0.816,  0.720,  -0.633,  -0.028,  0.277, 0.78, 1.00, 0.00, 0.00, 0.00, 0.52, 0.00, 0.04, 0.00, 0.00, 0.16, 0.00, 0.00, 0.00, 1.78, 1.03, 1.31, 1.00, 1.00, 0.00, 0.00, 0.00, 0.00, 0.00, 0.00, 0.00, 0.00, 0.00, 0.00, 0.00, 0.00, 1.00, 1.00, 0.00, 1.00
27,  0,  0.868,  0.98,  1,  0.113098,  -0.003698,  -0.993577,  -0.133090,  0.018195,  -0.990937,  -0.010,  0.007,  551.1,  556.2,  568.6,  581.0,  586.2,  582.1,  568.7,  556.3,  538.5,  544.7,  553.5,  565.7,  578.8,  588.9,  596.4,  587.8,  576.4,  564.1,  553.5,  545.0,  562.5,  569.2,  575.8,  578.5,  575.7,  569.1,  562.5,  559.8,  707.9,  712.1,  723.7,  735.9,  741.6,  737.3,  725.7,  712.6,  697.6,  705.4,  715.7,  728.4,  739.8,  748.3,  754.3,  748.8,  740.8,  730.7,  718.5,  706.8,  719.0,  724.6,  729.9,  731.8,  729.2,  723.6,  718.3,  716.4,  344.6,  331.9,  326.2,  331.0,  343.3,  357.0,  361.7,  356.9,  350.2,  343.4,  338.9,  335.9,  336.6,  340.4,  347.1,  350.7,  352.5,  353.8,  353.8,  352.8,  351.4,  354.0,  350.9,  344.1,  337.5,  335.0,  338.1,  344.9,  341.1,  329.2,  324.6,  329.9,  342.0,  353.9,  358.6,  354.3,  345.8,  339.7,  335.8,  334.6,  337.0,  341.1,  347.1,  348.8,  349.2,  349.1,  348.6,  348.2,  347.8,  350.2,  348.1,  342.6,  337.1,  334.6,  336.8,  342.2,  -31.5,  -29.8,  -25.3,  -20.9,  -18.9,  -20.4,  -25.1,  -29.6,  -36.5,  -34.0,  -30.6,  -26.2,  -21.6,  -18.0,  -15.4,  -18.3,  -22.3,  -26.6,  -30.6,  -33.8,  -27.5,  -25.1,  -22.7,  -21.8,  -22.8,  -25.2,  -27.6,  -28.5,  24.4,  26.0,  30.4,  34.9,  36.8,  35.1,  30.7,  26.0,  20.7,  23.4,  27.1,  31.7,  36.1,  39.5,  42.0,  39.6,  36.3,  32.4,  28.0,  23.9,  28.5,  30.5,  32.5,  33.3,  32.4,  30.3,  28.3,  27.6,  -5.5,  -10.0,  -12.0,  -10.3,  -5.9,  -1.0,  0.6,  -1.1,  -3.5,  -5.9,  -7.5,  -8.5,  -8.2,  -6.9,  -4.5,  -3.3,  -2.6,  -2.2,  -2.2,  -2.6,  -3.0,  -2.1,  -3.2,  -5.6,  -8.0,  -8.9,  -7.8,  -5.4,  -6.8,  -11.1,  -12.9,  -10.9,  -6.5,  -2.2,  -0.5,  -2.0,  -5.1,  -7.3,  -8.7,  -9.1,  -8.3,  -6.9,  -4.8,  -4.1,  -3.9,  -3.9,  -4.1,  -4.2,  -4.4,  -3.5,  -4.3,  -6.3,  -8.3,  -9.2,  -8.4,  -6.4,  310.5,  311.0,  310.6,  309.4,  308.3,  307.9,  308.1,  309.3,  314.4,  312.1,  309.8,  308.3,  308.0,  308.3,  309.0,  307.7,  306.8,  307.1,  309.1,  311.7,  310.1,  309.5,  309.3,  309.6,  310.3,  310.9,  311.1,  310.8,  314.0,  315.9,  317.6,  318.1,  317.2,  315.3,  313.6,  313.1,  313.9,  313.5,  313.6,  314.4,  316.3,  319.0,  321.6,  318.3,  315.1,  312.8,  312.1,  312.7,  315.2,  315.4,  316.2,  317.1,  317.5,  317.3,  316.5,  315.6,  2.8,  29.9,  340.1,  -0.242,  0.025,  0.002,  462.9,  464.3,  470.5,  480.9,  498.7,  526.6,  561.3,  602.5,  648.4,  692.8,  732.4,  767.7,  796.2,  814.0,  822.9,  829.5,  833.3,  498.1,  516.7,  545.3,  576.2,  605.2,  687.7,  720.3,  750.5,  778.5,  797.3,  646.7,  647.1,  647.4,  647.5,  612.2,  629.7,  647.4,  665.5,  682.1,  535.3,  555.0,  577.9,  596.8,  577.3,  554.9,  696.6,  715.3,  738.5,  757.3,  740.0,  717.7,  587.0,  607.0,  630.1,  647.7,  666.6,  691.3,  710.2,  692.4,  669.5,  648.7,  629.2,  606.7,  598.6,  629.6,  647.6,  666.7,  699.6,  667.2,  647.7,  629.2,  370.0,  419.3,  468.1,  514.1,  553.9,  587.2,  610.6,  627.9,  634.3,  632.3,  619.5,  597.6,  564.4,  519.4,  467.5,  413.4,  361.1,  318.4,  293.1,  281.6,  281.6,  286.6,  284.3,  277.7,  277.7,  288.1,  310.3,  332.3,  358.8,  384.9,  411.9,  439.6,  444.9,  449.0,  444.4,  439.9,  350.1,  338.5,  337.2,  347.0,  352.9,  354.2,  345.4,  334.4,  335.8,  345.8,  350.9,  350.5,  516.8,  488.4,  476.5,  480.3,  476.3,  490.0,  514.7,  534.8,  542.5,  543.9,  542.4,  534.3,  514.5,  497.0,  497.4,  496.4,  513.3,  516.5,  517.9,  516.6,  -80.3,  -79.3,  -76.3,  -71.0,  -61.8,  -48.1,  -32.0,  -14.6,  3.3,  20.8,  38.0,  54.3,  67.9,  76.3,  80.3,  83.4,  85.8,  -59.7,  -51.4,  -39.0,  -25.9,  -13.9,  19.0,  32.3,  45.0,  56.8,  64.9,  2.7,  2.8,  2.8,  2.8,  -10.6,  -3.9,  2.8,  9.7,  16.0,  -43.0,  -34.7,  -25.2,  -17.4,  -25.4,  -34.6,  22.8,  30.3,  39.7,  47.6,  40.2,  31.2,  -20.6,  -12.5,  -3.7,  2.9,  9.9,  19.4,  27.1,  19.7,  10.9,  3.2,  -4.0,  -12.6,  -16.0,  -3.9,  2.8,  9.9,  22.9,  10.2,  2.9,  -4.0,  4.5,  26.7,  48.7,  68.8,  84.8,  96.4,  101.9,  104.6,  106.2,  107.5,  106.8,  101.1,  88.8,  69.9,  47.2,  23.5,  0.5,  -17.5,  -27.9,  -32.2,  -31.8,  -29.3,  -30.1,  -33.1,  -33.5,  -29.5,  -20.5,  -10.9,  -0.4,  9.4,  19.2,  30.4,  32.2,  33.5,  31.9,  30.4,  -4.1,  -8.8,  -9.3,  -5.3,  -2.9,  -2.4,  -5.9,  -10.3,  -9.8,  -5.8,  -3.7,  -3.8,  60.9,  48.5,  43.5,  44.6,  43.2,  49.0,  59.7,  65.7,  67.6,  68.1,  67.8,  65.8,  59.7,  51.3,  51.2,  50.8,  58.8,  58.5,  59.0,  58.8,  396.9,  394.7,  393.8,  390.8,  382.8,  371.4,  355.8,  341.8,  338.6,  345.5,  359.9,  372.2,  380.4,  383.8,  384.1,  385.0,  388.3,  368.3,  364.8,  360.1,  355.0,  349.4,  347.7,  352.4,  356.2,  358.9,  361.4,  344.0,  337.3,  330.3,  323.6,  333.7,  331.5,  329.6,  331.0,  332.7,  359.1,  356.8,  355.6,  353.8,  353.8,  355.2,  352.2,  352.2,  353.0,  355.2,  351.8,  350.9,  340.0,  330.3,  326.6,  324.7,  324.9,  330.1,  337.9,  329.0,  324.1,  323.7,  325.3,  330.0,  338.0,  327.6,  325.9,  325.8,  335.6,  326.8,  326.6,  328.4,  2.504,  -0.115,  0.031,  0.000,  647.669,  439.987,  -22.818,  -2.739,  -16.360,  -4.330,  -6.306,  -10.553,  5.388,  3.590,  1.581,  -9.124,  -9.616,  -7.014,  9.987,  -1.975,  4.301,  3.023,  1.042,  -2.853,  -3.105,  -3.092,  0.122,  0.686,  1.372,  -2.230,  -0.497,  1.838,  0.169,  -0.393,  0.100,  -0.658,  0.569,  -0.707,  -0.101,  0.258, 0.72, 0.98, 0.00, 0.00, 0.00, 0.40, 0.00, 0.00, 0.00, 0.00, 0.06, 0.09, 0.00, 0.00, 1.45, 0.71, 0.66, 1.00, 1.00, 0.00, 0.00, 0.00, 0.00, 0.00, 0.00, 0.00, 0.00, 0.00, 0.00, 0.00, 0.00, 1.00, 0.00, 0.00, 1.00
28,  0,  0.901,  0.98,  1,  0.090958,  -0.061971,  -0.993925,  -0.138212,  0.004669,  -0.990392,  -0.024,  -0.029,  550.0,  555.2,  567.4,  579.5,  584.4,  580.1,  567.0,  554.9,  536.9,  543.5,  552.9,  565.4,  578.3,  588.1,  595.0,  587.1,  575.9,  563.5,  552.6,  543.6,  561.2,  567.4,  573.6,  576.3,  573.7,  567.5,  561.3,  558.7,  706.8,  710.7,  722.6,  735.4,  741.8,  737.8,  726.0,  712.1,  696.8,  704.4,  714.9,  727.8,  739.5,  748.3,  754.7,  748.9,  740.8,  730.4,  718.1,  706.2,  718.4,  724.5,  730.2,  732.0,  729.0,  722.9,  717.2,  715.4,  342.4,  330.7,  325.7,  330.4,  342.0,  354.8,  358.7,  354.0,  350.0,  342.8,  338.1,  335.2,  336.4,  340.5,  347.1,  351.0,  352.4,  353.6,  353.9,  352.9,  349.1,  351.5,  348.9,  342.9,  336.9,  334.6,  337.1,  343.2,  341.4,  329.0,  323.7,  328.7,  341.0,  353.4,  358.7,  354.8,  346.4,  339.4,  334.9,  333.5,  335.9,  340.2,  346.5,  348.7,  349.4,  349.6,  349.2,  348.8,  348.0,  350.4,  347.9,  342.0,  336.2,  333.8,  336.3,  342.2,  -32.3,  -30.6,  -26.2,  -21.8,  -19.9,  -21.4,  -26.0,  -30.4,  -37.4,  -34.9,  -31.3,  -26.7,  -22.1,  -18.6,  -16.2,  -18.9,  -22.8,  -27.2,  -31.3,  -34.8,  -28.3,  -26.0,  -23.8,  -22.9,  -23.9,  -26.1,  -28.4,  -29.3,  23.3,  24.8,  29.1,  33.7,  35.8,  34.2,  29.9,  25.1,  19.8,  22.4,  26.0,  30.6,  34.9,  38.3,  40.9,  38.4,  35.2,  31.4,  27.0,  22.9,  27.4,  29.6,  31.6,  32.4,  31.4,  29.2,  27.1,  26.4,  -6.3,  -10.6,  -12.4,  -10.7,  -6.5,  -1.9,  -0.5,  -2.1,  -3.6,  -6.2,  -7.9,  -8.9,  -8.5,  -7.0,  -4.6,  -3.2,  -2.7,  -2.3,  -2.2,  -2.6,  -3.9,  -3.1,  -4.0,  -6.2,  -8.3,  -9.2,  -8.2,  -6.1,  -6.5,  -10.9,  -12.8,  -11.0,  -6.7,  -2.3,  -0.5,  -1.8,  -4.7,  -7.2,  -8.7,  -9.2,  -8.5,  -7.0,  -4.8,  -4.0,  -3.7,  -3.6,  -3.7,  -3.9,  -4.2,  -3.4,  -4.2,  -6.3,  -8.4,  -9.2,  -8.3,  -6.2,  314.5,  315.7,  315.9,  314.9,  313.4,  312.3,  312.0,  313.0,  318.0,  316.1,  314.2,  313.2,  313.3,  313.9,  314.6,  312.9,  311.4,  311.3,  312.9,  315.4,  314.2,  313.7,  313.8,  314.5,  315.3,  315.8,  315.7,  315.0,  304.8,  306.7,  308.4,  308.9,  307.9,  306.0,  304.2,  303.8,  304.6,  304.3,  304.4,  305.1,  306.9,  309.4,  311.9,  308.8,  305.7,  303.4,  302.8,  303.4,  305.9,  306.1,  306.9,  307.9,  308.3,  308.1,  307.3,  306.4,  2.4,  29.8,  340.6,  -0.239,  0.032,  0.003,  462.8,  464.3,  470.5,  480.7,  498.1,  525.4,  559.7,  600.2,  646.3,  691.4,  732.1,  768.3,  797.0,  814.6,  823.1,  829.6,  833.3,  496.9,  515.9,  544.4,  575.1,  603.9,  687.3,  719.8,  750.2,  778.2,  797.1,  645.9,  646.1,  646.2,  646.1,  611.2,  628.6,  646.1,  664.0,  680.4,  534.2,  554.0,  577.2,  596.2,  576.4,  553.7,  695.9,  714.8,  738.3,  757.3,  739.9,  717.2,  585.0,  605.3,  628.3,  645.9,  665.1,  690.1,  709.7,  690.8,  667.5,  646.4,  627.0,  604.6,  596.3,  627.7,  645.8,  665.2,  699.0,  665.6,  645.7,  627.2,  370.8,  419.5,  467.7,  513.0,  552.2,  584.9,  607.8,  624.8,  631.2,  629.5,  617.1,  595.4,  562.4,  517.8,  466.6,  413.3,  361.5,  319.0,  294.3,  283.1,  283.0,  287.7,  285.5,  278.7,  278.6,  288.9,  310.9,  332.4,  359.1,  385.3,  412.5,  440.2,  445.3,  449.4,  444.9,  440.5,  349.9,  337.7,  336.5,  347.2,  353.0,  354.2,  345.7,  333.8,  334.9,  345.6,  350.9,  350.7,  514.8,  487.9,  476.6,  480.4,  476.4,  489.7,  513.0,  532.1,  539.4,  540.8,  539.2,  531.3,  512.7,  496.7,  497.2,  496.1,  511.7,  514.1,  515.4,  514.1,  -80.8,  -79.6,  -76.6,  -71.4,  -62.3,  -48.8,  -32.8,  -15.6,  2.4,  20.3,  38.0,  54.7,  68.4,  76.8,  80.7,  83.7,  86.1,  -60.4,  -51.9,  -39.4,  -26.4,  -14.4,  18.8,  32.1,  44.8,  56.7,  64.9,  2.3,  2.4,  2.3,  2.3,  -11.0,  -4.3,  2.3,  9.1,  15.4,  -43.6,  -35.2,  -25.6,  -17.7,  -25.8,  -35.1,  22.5,  30.1,  39.7,  47.6,  40.2,  31.0,  -21.5,  -13.2,  -4.4,  2.2,  9.3,  18.9,  27.0,  19.1,  10.2,  2.4,  -4.8,  -13.4,  -16.9,  -4.6,  2.1,  9.4,  22.7,  9.6,  2.1,  -4.8,  4.9,  27.0,  48.7,  68.5,  84.4,  95.9,  101.2,  103.8,  105.1,  106.5,  106.0,  100.4,  88.2,  69.4,  46.9,  23.6,  0.7,  -17.3,  -27.5,  -31.7,  -31.3,  -28.9,  -29.6,  -32.7,  -33.1,  -29.2,  -20.3,  -10.9,  -0.3,  9.6,  19.4,  30.6,  32.4,  33.7,  32.1,  30.6,  -4.2,  -9.1,  -9.6,  -5.2,  -2.8,  -2.4,  -5.8,  -10.6,  -10.1,  -5.8,  -3.6,  -3.7,  60.4,  48.4,  43.6,  44.8,  43.3,  49.0,  59.2,  64.8,  66.5,  66.9,  66.7,  64.8,  59.2,  51.3,  51.2,  50.8,  58.3,  57.6,  58.1,  57.9,  399.3,  396.7,  395.3,  392.0,  384.2,  373.0,  357.3,  342.8,  339.3,  345.9,  360.8,  373.1,  381.4,  384.9,  385.4,  386.3,  389.8,  369.7,  365.8,  360.9,  355.4,  349.6,  347.6,  352.2,  356.0,  358.7,  361.4,  344.3,  337.5,  330.4,  323.5,  334.3,  331.9,  329.9,  331.2,  332.7,  360.3,  357.8,  356.5,  354.7,  354.6,  356.2,  352.7,  352.6,  353.3,  355.5,  352.0,  351.3,  341.3,  331.4,  327.4,  325.3,  325.5,  330.8,  338.5,  329.3,  324.3,  324.1,  325.8,  331.0,  339.2,  328.3,  326.6,  326.4,  336.2,  327.0,  327.0,  328.9,  2.499,  -0.113,  0.039,  0.002,  646.680,  439.323,  -18.381,  -3.557,  -16.182,  -6.282,  -5.601,  -8.972,  3.813,  2.872,  1.576,  -8.160,  -9.002,  -6.664,  9.968,  -1.600,  4.364,  2.511,  2.197,  -2.176,  -3.121,  -3.324,  -0.006,  1.086,  1.172,  -1.477,  0.201,  1.736,  0.277,  -0.379,  -0.082,  -0.604,  0.490,  -0.653,  -0.132,  0.333, 0.63, 0.86, 0.00, 0.01, 0.00, 0.47, 0.00, 0.00, 0.00, 0.00, 0.00, 0.16, 0.00, 0.00, 1.10, 0.33, 0.38, 1.00, 1.00, 0.00, 0.00, 0.00, 0.00, 0.00, 0.00, 0.00, 0.00, 0.00, 0.00, 0.00, 0.00, 1.00, 0.00, 0.00, 0.00
29,  0,  0.934,  0.98,  1,  0.050952,  -0.090571,  -0.994586,  -0.136057,  0.001902,  -0.990699,  -0.043,  -0.045,  549.5,  554.3,  565.8,  577.4,  582.1,  578.2,  565.8,  554.3,  537.0,  543.3,  552.9,  565.4,  578.2,  587.7,  593.9,  586.7,  575.6,  563.4,  552.6,  543.3,  560.9,  566.0,  571.1,  573.2,  571.1,  566.0,  560.9,  558.8,  706.4,  710.4,  722.4,  735.5,  742.0,  738.0,  725.9,  711.9,  696.7,  704.2,  714.7,  727.6,  739.3,  748.2,  754.8,  748.9,  740.8,  730.4,  718.0,  706.1,  718.1,  724.5,  730.3,  732.2,  729.1,  722.7,  716.9,  715.0,  341.2,  329.9,  325.1,  329.5,  340.6,  352.8,  356.7,  352.3,  349.1,  341.9,  337.2,  334.4,  335.8,  340.2,  346.7,  350.8,  352.2,  353.4,  353.6,  352.5,  346.7,  348.6,  346.5,  341.5,  336.6,  334.7,  336.8,  341.8,  340.9,  328.3,  322.9,  327.9,  340.4,  353.0,  358.4,  354.6,  346.3,  338.9,  334.2,  332.7,  334.8,  339.0,  345.2,  347.7,  348.8,  349.3,  349.1,  348.7,  347.7,  350.1,  347.5,  341.4,  335.4,  332.9,  335.6,  341.7,  -33.6,  -31.9,  -27.7,  -23.3,  -21.4,  -22.8,  -27.4,  -31.7,  -38.6,  -36.1,  -32.3,  -27.6,  -22.9,  -19.4,  -17.2,  -19.7,  -23.7,  -28.2,  -32.3,  -36.0,  -29.4,  -27.4,  -25.6,  -24.8,  -25.6,  -27.6,  -29.5,  -30.2,  23.0,  24.5,  28.8,  33.5,  35.6,  34.0,  29.7,  24.8,  19.6,  22.2,  25.8,  30.3,  34.6,  38.0,  40.6,  38.1,  34.9,  31.1,  26.8,  22.7,  27.1,  29.3,  31.4,  32.2,  31.2,  28.9,  26.8,  26.1,  -7.0,  -11.2,  -13.0,  -11.3,  -7.2,  -2.6,  -1.2,  -2.8,  -4.1,  -6.8,  -8.5,  -9.5,  -9.0,  -7.3,  -5.0,  -3.4,  -2.9,  -2.4,  -2.4,  -2.8,  -5.0,  -4.2,  -5.0,  -6.9,  -8.7,  -9.4,  -8.6,  -6.8,  -6.6,  -11.0,  -13.0,  -11.2,  -6.9,  -2.4,  -0.6,  -1.9,  -4.7,  -7.3,  -8.9,  -9.5,  -8.8,  -7.4,  -5.2,  -4.3,  -3.9,  -3.7,  -3.7,  -3.9,  -4.3,  -3.4,  -4.3,  -6.5,  -8.6,  -9.5,  -8.5,  -6.4,  325.0,  326.1,  326.3,  325.4,  324.0,  323.0,  322.7,  323.6,  328.4,  326.4,  324.5,  323.6,  323.9,  324.8,  325.8,  323.9,  322.3,  322.1,  323.5,  325.9,  324.9,  324.5,  324.6,  325.1,  325.7,  326.1,  326.0,  325.5,  302.4,  304.3,  306.0,  306.5,  305.5,  303.7,  302.0,  301.6,  302.3,  302.0,  302.1,  302.8,  304.5,  307.1,  309.4,  306.4,  303.4,  301.1,  300.5,  301.2,  303.5,  303.8,  304.6,  305.5,  306.0,  305.8,  304.9,  304.0,  2.3,  29.5,  341.4,  -0.240,  0.033,  0.005,  462.3,  463.7,  469.9,  480.2,  498.0,  525.7,  560.2,  600.5,  645.9,  690.5,  730.9,  767.1,  796.3,  814.4,  823.1,  829.6,  833.4,  496.7,  515.9,  544.3,  574.8,  603.5,  687.5,  719.9,  750.1,  778.1,  797.1,  645.7,  645.9,  645.9,  645.8,  611.0,  628.3,  645.7,  663.5,  679.8,  533.9,  553.7,  577.0,  596.0,  576.2,  553.3,  695.6,  714.5,  738.1,  757.2,  739.9,  717.1,  583.6,  604.4,  627.5,  645.2,  664.6,  689.8,  709.9,  690.3,  666.6,  645.4,  625.9,  603.5,  594.9,  626.9,  645.0,  664.5,  699.3,  664.7,  644.8,  626.2,  370.9,  419.3,  467.1,  512.0,  550.8,  583.2,  605.9,  622.9,  629.4,  628.1,  616.5,  595.4,  562.8,  518.4,  467.0,  413.5,  361.3,  319.0,  294.4,  283.5,  283.3,  287.9,  285.5,  278.6,  278.5,  288.8,  310.9,  331.9,  358.7,  385.1,  412.4,  439.7,  444.7,  448.8,  444.4,  440.1,  349.3,  336.9,  335.8,  346.9,  352.6,  353.7,  345.4,  333.0,  334.0,  345.0,  350.5,  350.3,  512.6,  486.6,  475.8,  479.6,  475.7,  488.6,  511.3,  530.3,  537.2,  538.4,  536.7,  528.8,  510.7,  495.3,  495.9,  494.8,  510.1,  512.5,  513.8,  512.4,  -81.4,  -80.2,  -77.0,  -71.7,  -62.5,  -48.8,  -32.6,  -15.5,  2.3,  20.0,  37.5,  54.3,  68.2,  76.8,  80.8,  83.9,  86.4,  -60.7,  -52.0,  -39.6,  -26.6,  -14.6,  18.9,  32.2,  44.9,  56.7,  64.9,  2.2,  2.3,  2.2,  2.2,  -11.1,  -4.4,  2.2,  8.9,  15.2,  -43.8,  -35.4,  -25.7,  -17.9,  -25.9,  -35.4,  22.5,  30.1,  39.7,  47.7,  40.2,  31.0,  -22.1,  -13.5,  -4.7,  1.9,  9.2,  18.9,  27.2,  19.0,  9.9,  2.0,  -5.3,  -13.9,  -17.6,  -4.9,  1.9,  9.2,  22.9,  9.3,  1.8,  -5.2,  5.0,  27.0,  48.5,  68.2,  83.9,  95.3,  100.5,  103.1,  104.6,  106.1,  105.9,  100.5,  88.5,  69.8,  47.3,  23.7,  0.6,  -17.4,  -27.5,  -31.6,  -31.2,  -28.9,  -29.7,  -32.8,  -33.2,  -29.2,  -20.3,  -11.1,  -0.5,  9.5,  19.4,  30.5,  32.2,  33.6,  32.0,  30.5,  -4.4,  -9.5,  -9.9,  -5.3,  -3.0,  -2.6,  -5.9,  -10.9,  -10.5,  -6.1,  -3.8,  -3.9,  59.8,  48.2,  43.5,  44.6,  43.2,  48.8,  58.7,  64.3,  65.8,  66.2,  66.0,  64.1,  58.7,  50.9,  50.9,  50.4,  57.9,  57.2,  57.6,  57.4,  400.9,  398.1,  396.4,  392.7,  384.7,  373.5,  357.8,  343.3,  339.8,  346.4,  361.3,  373.6,  381.9,  385.5,  386.3,  387.3,  390.8,  370.8,  366.9,  362.1,  356.5,  350.5,  348.3,  352.8,  356.5,  359.2,  361.7,  345.1,  338.2,  331.0,  324.1,  335.1,  332.6,  330.6,  331.8,  333.3,  361.4,  359.0,  357.6,  355.7,  355.6,  357.2,  353.3,  353.3,  354.0,  356.0,  352.6,  351.9,  342.9,  332.9,  328.6,  326.5,  326.7,  332.0,  339.7,  330.3,  325.0,  324.8,  326.6,  332.2,  340.8,  329.4,  327.7,  327.5,  337.5,  327.9,  327.8,  329.8,  2.493,  -0.115,  0.042,  0.004,  646.276,  438.544,  -17.945,  -4.303,  -14.972,  -8.040,  -4.518,  -7.148,  3.695,  2.914,  1.443,  -8.612,  -9.391,  -6.785,  9.831,  -1.863,  3.904,  2.393,  2.526,  -1.511,  -3.051,  -3.276,  -0.658,  1.190,  1.176,  -1.053,  0.369,  1.725,  0.382,  -0.252,  0.046,  -0.483,  0.469,  -0.765,  -0.116,  0.352, 0.51, 0.73, 0.00, 0.01, 0.00, 0.47, 0.00, 0.02, 0.01, 0.00, 0.00, 0.18, 0.00, 0.00, 1.07, 0.16, 0.25, 0.00, 1.00, 0.00, 1.00, 0.00, 0.00, 0.00, 0.00, 0.00, 0.00, 0.00, 0.00, 0.00, 0.00, 1.00, 0.00, 0.00, 0.00
30,  0,  0.968,  0.98,  1,  0.055958,  -0.087248,  -0.994614,  -0.148310,  0.007889,  -0.988909,  -0.047,  -0.040,  549.6,  554.5,  566.2,  577.9,  582.6,  578.6,  566.0,  554.3,  537.2,  543.5,  553.0,  565.5,  578.3,  587.9,  594.4,  586.9,  575.6,  563.3,  552.5,  543.4,  561.1,  566.3,  571.5,  573.7,  571.6,  566.4,  561.2,  559.0,  706.5,  710.7,  722.8,  735.9,  742.1,  737.9,  725.7,  711.8,  697.0,  704.5,  714.8,  727.9,  740.0,  749.2,  755.9,  749.6,  741.2,  730.6,  718.1,  706.3,  718.2,  724.5,  730.5,  732.5,  729.5,  723.1,  717.1,  715.1,  341.1,  329.8,  324.8,  329.2,  340.2,  352.6,  356.5,  352.2,  349.0,  341.6,  336.9,  334.1,  335.5,  339.9,  346.4,  350.5,  352.0,  353.1,  353.4,  352.4,  346.6,  348.6,  346.4,  341.3,  336.3,  334.4,  336.6,  341.7,  340.8,  328.1,  322.6,  327.6,  340.1,  352.8,  358.3,  354.5,  346.2,  338.5,  333.8,  332.1,  334.4,  338.7,  345.1,  347.6,  348.7,  349.2,  348.9,  348.5,  347.6,  350.0,  347.3,  341.1,  335.0,  332.6,  335.2,  341.5,  -33.2,  -31.5,  -27.2,  -22.8,  -21.0,  -22.4,  -27.0,  -31.3,  -38.2,  -35.6,  -31.9,  -27.3,  -22.6,  -19.1,  -16.8,  -19.4,  -23.4,  -27.9,  -32.0,  -35.6,  -29.0,  -27.0,  -25.1,  -24.3,  -25.2,  -27.1,  -29.1,  -29.8,  23.0,  24.5,  28.9,  33.5,  35.6,  33.9,  29.6,  24.7,  19.7,  22.2,  25.8,  30.4,  34.7,  38.2,  40.9,  38.3,  35.0,  31.1,  26.8,  22.8,  27.1,  29.3,  31.4,  32.2,  31.2,  29.0,  26.8,  26.1,  -6.9,  -11.2,  -13.0,  -11.3,  -7.2,  -2.7,  -1.3,  -2.9,  -4.1,  -6.8,  -8.5,  -9.5,  -9.0,  -7.4,  -5.0,  -3.5,  -2.9,  -2.5,  -2.4,  -2.8,  -4.9,  -4.2,  -5.0,  -6.9,  -8.7,  -9.4,  -8.6,  -6.7,  -6.6,  -11.1,  -13.0,  -11.3,  -6.9,  -2.5,  -0.6,  -1.9,  -4.8,  -7.4,  -9.0,  -9.6,  -8.9,  -7.5,  -5.2,  -4.3,  -3.9,  -3.7,  -3.8,  -4.0,  -4.3,  -3.5,  -4.4,  -6.6,  -8.7,  -9.6,  -8.6,  -6.4,  321.6,  322.8,  323.0,  321.9,  320.3,  319.1,  318.9,  319.9,  324.9,  323.1,  321.2,  320.1,  320.3,  321.0,  321.7,  319.9,  318.4,  318.3,  319.9,  322.4,  321.3,  320.8,  320.8,  321.4,  322.1,  322.6,  322.6,  322.0,  302.1,  303.8,  305.2,  305.6,  304.7,  303.0,  301.6,  301.3,  302.1,  301.7,  301.6,  302.2,  303.8,  306.3,  308.6,  305.7,  302.7,  300.6,  300.1,  300.9,  303.1,  303.3,  304.0,  304.8,  305.3,  305.1,  304.4,  303.6,  2.4,  29.5,  341.1,  -0.232,  0.034,  0.004,  462.7,  463.8,  469.8,  480.0,  497.7,  525.7,  560.9,  601.6,  647.3,  691.8,  732.1,  768.2,  797.3,  815.2,  823.8,  830.1,  833.6,  496.9,  516.0,  544.3,  574.8,  603.6,  687.9,  720.2,  750.5,  778.6,  797.4,  645.9,  646.1,  646.0,  645.9,  611.5,  628.7,  645.9,  663.5,  679.6,  533.9,  553.7,  577.2,  596.3,  576.4,  553.4,  695.8,  714.9,  738.7,  757.8,  740.4,  717.5,  583.8,  604.7,  628.2,  645.5,  664.3,  689.9,  710.5,  690.7,  666.7,  646.0,  626.8,  603.9,  595.1,  627.7,  645.4,  664.4,  699.9,  664.8,  645.3,  627.1,  370.8,  419.0,  466.8,  511.8,  550.7,  583.2,  605.9,  623.1,  629.6,  627.7,  615.3,  593.9,  561.5,  517.4,  466.4,  413.3,  361.3,  318.9,  294.5,  283.7,  283.5,  288.3,  285.9,  278.8,  278.6,  288.8,  310.8,  331.9,  358.6,  384.8,  411.9,  439.3,  444.4,  448.4,  444.1,  439.9,  349.0,  336.5,  335.5,  346.8,  352.4,  353.5,  345.3,  332.7,  333.7,  344.7,  350.2,  350.0,  511.7,  485.9,  474.9,  478.7,  474.8,  487.7,  510.1,  531.2,  538.9,  540.3,  538.6,  530.0,  510.0,  494.8,  495.4,  494.2,  509.2,  513.6,  514.8,  513.4,  -81.1,  -80.1,  -77.1,  -71.8,  -62.6,  -48.9,  -32.4,  -15.1,  2.8,  20.6,  38.1,  54.8,  68.7,  77.2,  81.1,  84.1,  86.3,  -60.5,  -51.9,  -39.5,  -26.5,  -14.6,  19.0,  32.3,  44.9,  56.8,  64.9,  2.3,  2.3,  2.3,  2.2,  -10.9,  -4.3,  2.2,  8.9,  15.1,  -43.8,  -35.3,  -25.6,  -17.7,  -25.8,  -35.3,  22.5,  30.2,  39.8,  47.9,  40.4,  31.1,  -22.0,  -13.4,  -4.4,  2.1,  9.1,  18.9,  27.3,  19.1,  9.9,  2.2,  -4.9,  -13.7,  -17.5,  -4.6,  2.0,  9.1,  23.1,  9.3,  2.0,  -4.9,  5.0,  26.8,  48.3,  68.1,  83.9,  95.4,  100.7,  103.4,  104.9,  106.2,  105.6,  100.0,  88.0,  69.3,  46.9,  23.6,  0.6,  -17.4,  -27.4,  -31.5,  -31.1,  -28.6,  -29.4,  -32.7,  -33.1,  -29.1,  -20.3,  -11.1,  -0.5,  9.3,  19.2,  30.3,  32.0,  33.3,  31.8,  30.4,  -4.5,  -9.6,  -10.0,  -5.3,  -3.1,  -2.6,  -5.9,  -11.0,  -10.6,  -6.2,  -3.9,  -4.0,  59.5,  47.9,  43.1,  44.2,  42.8,  48.4,  58.3,  64.6,  66.5,  67.0,  66.7,  64.5,  58.4,  50.7,  50.6,  50.2,  57.5,  57.5,  58.0,  57.8,  400.2,  397.7,  396.2,  392.8,  385.1,  374.0,  358.2,  343.8,  340.5,  347.2,  361.9,  373.9,  382.0,  385.5,  386.1,  387.0,  390.1,  370.1,  366.2,  361.4,  355.8,  349.7,  347.4,  351.9,  355.7,  358.3,  360.9,  344.3,  337.4,  330.1,  323.2,  334.2,  331.9,  330.0,  331.2,  332.7,  361.0,  358.4,  357.0,  355.1,  355.1,  356.7,  352.7,  352.6,  353.3,  355.3,  352.0,  351.3,  343.0,  332.6,  327.9,  325.9,  326.1,  331.5,  339.5,  330.3,  325.1,  324.9,  326.6,  332.2,  340.9,  329.0,  327.3,  327.1,  337.3,  327.8,  327.8,  329.7,  2.495,  -0.107,  0.043,  0.002,  646.642,  438.398,  -17.086,  -3.998,  -13.488,  -7.973,  -4.524,  -8.701,  3.928,  3.234,  1.508,  -8.679,  -8.312,  -7.166,  10.602,  -2.607,  4.016,  2.247,  2.444,  -1.012,  -2.945,  -2.587,  -0.349,  0.764,  0.977,  -0.413,  0.286,  1.787,  0.296,  -0.373,  -0.020,  -0.566,  0.480,  -0.740,  -0.131,  0.387, 0.49, 0.66, 0.00, 0.04, 0.00, 0.44, 0.00, 0.05, 0.03, 0.00, 0.00, 0.18, 0.00, 0.00, 1.11, 0.07, 0.26, 0.00, 1.00, 0.00, 1.00, 0.00, 0.00, 0.00, 0.00, 0.00, 0.00, 0.00, 0.00, 0.00, 0.00, 1.00, 0.00, 0.00, 0.00
31,  0,  1.001,  0.98,  1,  0.056034,  -0.078971,  -0.995301,  -0.151950,  0.018924,  -0.988207,  -0.048,  -0.030,  550.0,  554.9,  566.6,  578.3,  583.2,  579.2,  566.6,  554.9,  537.6,  544.0,  553.6,  566.2,  579.0,  588.4,  594.6,  587.4,  576.4,  564.1,  553.2,  544.0,  561.5,  566.8,  572.1,  574.2,  572.0,  566.7,  561.5,  559.3,  706.8,  711.2,  723.7,  736.8,  742.9,  738.5,  726.1,  711.9,  697.1,  704.8,  715.4,  728.8,  741.1,  750.2,  756.7,  750.4,  742.0,  731.2,  718.6,  706.7,  718.5,  724.9,  731.0,  733.2,  730.2,  723.7,  717.6,  715.4,  341.0,  329.6,  324.7,  329.2,  340.5,  353.0,  356.8,  352.3,  348.7,  341.5,  337.0,  334.2,  335.5,  339.8,  346.2,  350.3,  351.9,  353.1,  353.2,  352.1,  346.7,  348.7,  346.5,  341.4,  336.3,  334.2,  336.4,  341.6,  340.7,  327.6,  322.1,  327.3,  340.3,  353.5,  359.0,  354.9,  346.5,  338.6,  333.7,  332.0,  334.3,  338.7,  345.2,  347.5,  348.7,  349.2,  349.0,  348.6,  347.7,  350.3,  347.6,  341.1,  334.7,  332.1,  334.9,  341.3,  -33.3,  -31.6,  -27.3,  -22.8,  -21.0,  -22.4,  -27.0,  -31.3,  -38.2,  -35.7,  -31.9,  -27.2,  -22.5,  -19.1,  -16.9,  -19.4,  -23.3,  -27.8,  -31.9,  -35.6,  -29.0,  -27.0,  -25.1,  -24.3,  -25.2,  -27.2,  -29.1,  -29.9,  22.6,  24.2,  28.6,  33.2,  35.2,  33.5,  29.1,  24.3,  19.3,  21.9,  25.5,  30.1,  34.4,  37.9,  40.5,  37.9,  34.7,  30.8,  26.5,  22.5,  26.7,  28.9,  31.1,  31.9,  30.9,  28.6,  26.5,  25.7,  -7.0,  -11.3,  -13.1,  -11.4,  -7.2,  -2.6,  -1.2,  -2.8,  -4.2,  -6.9,  -8.5,  -9.5,  -9.0,  -7.5,  -5.1,  -3.6,  -3.0,  -2.5,  -2.5,  -2.9,  -4.9,  -4.2,  -5.0,  -6.9,  -8.8,  -9.6,  -8.7,  -6.8,  -6.5,  -11.0,  -13.0,  -11.2,  -6.7,  -2.2,  -0.3,  -1.7,  -4.6,  -7.2,  -8.9,  -9.5,  -8.8,  -7.3,  -5.1,  -4.3,  -3.8,  -3.6,  -3.7,  -3.9,  -4.2,  -3.3,  -4.2,  -6.5,  -8.6,  -9.5,  -8.6,  -6.4,  323.6,  324.7,  325.0,  324.2,  322.8,  321.9,  321.5,  322.2,  326.8,  324.9,  323.1,  322.3,  322.8,  323.7,  324.7,  322.9,  321.1,  320.8,  322.2,  324.5,  323.6,  323.2,  323.3,  323.8,  324.5,  324.8,  324.7,  324.2,  296.3,  297.7,  299.2,  299.7,  299.1,  297.6,  296.2,  295.8,  296.2,  295.8,  295.7,  296.3,  298.1,  300.8,  303.3,  300.3,  297.3,  295.2,  294.6,  295.2,  297.5,  297.8,  298.5,  299.2,  299.5,  299.3,  298.6,  297.8,  2.6,  29.6,  341.4,  -0.223,  0.033,  0.005,  463.0,  464.1,  470.0,  480.4,  498.1,  525.7,  560.3,  600.2,  645.5,  690.2,  730.9,  767.8,  797.4,  815.7,  824.4,  830.9,  834.5,  497.3,  516.6,  545.0,  575.6,  604.4,  688.3,  720.6,  751.0,  779.1,  797.9,  646.4,  646.6,  646.6,  646.5,  612.3,  629.3,  646.4,  663.9,  679.9,  534.3,  554.3,  577.8,  597.0,  577.0,  554.0,  696.5,  715.5,  739.3,  758.6,  741.1,  718.1,  584.4,  605.1,  628.9,  646.1,  664.9,  690.6,  710.9,  691.3,  667.3,  646.5,  627.3,  604.2,  595.7,  628.3,  645.9,  664.9,  700.4,  665.3,  645.8,  627.6,  370.4,  418.6,  466.5,  511.3,  550.1,  582.3,  605.0,  622.7,  629.8,  628.3,  615.8,  594.0,  561.1,  516.5,  465.4,  412.3,  360.3,  319.1,  294.9,  284.3,  284.1,  288.9,  286.4,  279.1,  278.8,  288.9,  310.6,  332.0,  358.6,  384.8,  411.9,  439.4,  444.3,  448.4,  444.1,  440.1,  349.0,  336.6,  335.5,  346.9,  352.3,  353.4,  345.3,  332.6,  333.6,  344.5,  350.1,  350.0,  511.8,  485.8,  474.6,  478.5,  474.6,  487.7,  510.3,  532.5,  540.8,  542.2,  540.4,  531.2,  510.1,  495.0,  495.6,  494.6,  509.4,  514.6,  515.8,  514.3,  -80.8,  -79.8,  -76.8,  -71.6,  -62.5,  -48.9,  -32.7,  -15.7,  2.2,  20.0,  37.7,  54.7,  68.9,  77.6,  81.6,  84.6,  86.9,  -60.3,  -51.6,  -39.2,  -26.2,  -14.2,  19.2,  32.4,  45.1,  56.9,  65.1,  2.5,  2.6,  2.5,  2.4,  -10.6,  -4.0,  2.4,  9.0,  15.2,  -43.6,  -35.1,  -25.4,  -17.5,  -25.5,  -35.1,  22.8,  30.4,  40.1,  48.1,  40.7,  31.4,  -21.8,  -13.3,  -4.2,  2.3,  9.3,  19.2,  27.5,  19.4,  10.2,  2.4,  -4.8,  -13.6,  -17.3,  -4.4,  2.2,  9.3,  23.3,  9.5,  2.2,  -4.7,  4.7,  26.6,  48.1,  67.9,  83.7,  95.1,  100.5,  103.6,  105.4,  106.8,  106.1,  100.3,  88.0,  69.1,  46.6,  23.2,  0.1,  -17.3,  -27.2,  -31.2,  -30.8,  -28.4,  -29.2,  -32.5,  -33.0,  -29.1,  -20.4,  -11.0,  -0.5,  9.3,  19.2,  30.3,  32.0,  33.4,  31.9,  30.5,  -4.5,  -9.6,  -10.0,  -5.3,  -3.1,  -2.7,  -5.9,  -11.0,  -10.6,  -6.3,  -4.0,  -4.0,  59.6,  47.9,  43.0,  44.2,  42.7,  48.4,  58.3,  65.2,  67.3,  67.9,  67.5,  65.2,  58.6,  50.8,  50.8,  50.4,  57.7,  58.0,  58.5,  58.2,  399.4,  396.8,  395.5,  392.4,  385.1,  374.4,  359.0,  345.0,  341.8,  348.3,  363.0,  374.9,  382.9,  386.4,  387.0,  387.9,  390.9,  370.0,  366.0,  361.2,  355.6,  349.5,  347.4,  351.7,  355.6,  358.2,  360.6,  344.3,  337.5,  330.4,  323.5,  334.3,  332.1,  330.3,  331.6,  333.1,  361.1,  358.4,  356.9,  355.0,  355.1,  356.8,  352.7,  352.5,  353.1,  355.2,  351.9,  351.2,  343.5,  333.1,  328.2,  326.2,  326.3,  331.7,  339.7,  330.9,  325.9,  325.9,  327.6,  333.1,  341.4,  329.5,  327.8,  327.5,  337.7,  328.4,  328.4,  330.3,  2.493,  -0.099,  0.038,  0.003,  647.034,  438.509,  -17.771,  -5.997,  -12.823,  -7.640,  -4.415,  -9.801,  4.213,  2.277,  1.600,  -8.915,  -7.500,  -7.238,  11.157,  -2.416,  3.724,  1.666,  2.975,  -1.546,  -2.957,  -2.930,  0.310,  0.565,  1.339,  0.131,  0.572,  1.541,  0.128,  -0.240,  -0.128,  -0.489,  0.484,  -0.761,  -0.169,  0.357, 0.43, 0.52, 0.00, 0.04, 0.00, 0.37, 0.00, 0.08, 0.03, 0.00, 0.00, 0.16, 0.00, 0.00, 1.38, 0.33, 0.14, 0.00, 1.00, 0.00, 1.00, 0.00, 0.00, 0.00, 0.00, 0.00, 0.00, 0.00, 0.00, 0.00, 0.00, 1.00, 0.00, 0.00, 0.00
32,  0,  1.034,  0.98,  1,  0.052227,  -0.067568,  -0.996347,  -0.142627,  0.016815,  -0.989634,  -0.045,  -0.026,  550.7,  555.4,  567.0,  578.8,  583.7,  579.9,  567.4,  555.7,  538.2,  544.6,  554.2,  566.8,  579.6,  589.1,  595.4,  588.0,  577.0,  564.8,  553.9,  544.7,  562.1,  567.5,  572.9,  575.0,  572.7,  567.3,  561.9,  559.8,  707.6,  711.9,  724.2,  737.4,  743.7,  739.4,  727.1,  712.9,  698.0,  705.6,  716.0,  729.2,  741.4,  750.7,  757.4,  751.1,  742.6,  731.9,  719.3,  707.5,  719.2,  725.9,  732.1,  734.2,  731.1,  724.4,  718.2,  716.1,  341.5,  330.0,  325.0,  329.3,  340.5,  352.9,  357.0,  352.7,  348.9,  341.7,  337.0,  334.2,  335.6,  339.9,  346.3,  350.3,  351.8,  353.0,  353.2,  352.1,  347.1,  349.1,  346.8,  341.5,  336.3,  334.3,  336.7,  342.0,  340.8,  327.9,  322.4,  327.4,  340.1,  353.0,  358.5,  354.6,  346.3,  338.7,  333.9,  332.3,  334.5,  338.8,  345.3,  347.7,  348.9,  349.4,  349.1,  348.7,  347.8,  350.3,  347.6,  341.1,  334.7,  332.2,  335.0,  341.4,  -33.0,  -31.3,  -27.1,  -22.6,  -20.7,  -22.1,  -26.6,  -31.0,  -38.0,  -35.4,  -31.6,  -26.9,  -22.2,  -18.8,  -16.5,  -19.1,  -23.1,  -27.5,  -31.6,  -35.3,  -28.8,  -26.7,  -24.8,  -24.0,  -24.9,  -26.9,  -28.9,  -29.7,  23.1,  24.7,  29.1,  33.6,  35.7,  34.0,  29.7,  24.8,  19.8,  22.4,  25.9,  30.5,  34.8,  38.3,  41.0,  38.4,  35.1,  31.2,  26.9,  23.0,  27.2,  29.4,  31.7,  32.5,  31.4,  29.1,  26.9,  26.1,  -6.8,  -11.1,  -13.0,  -11.3,  -7.2,  -2.6,  -1.1,  -2.7,  -4.1,  -6.8,  -8.5,  -9.5,  -9.0,  -7.4,  -5.1,  -3.6,  -3.0,  -2.6,  -2.5,  -2.9,  -4.8,  -4.0,  -4.9,  -6.8,  -8.8,  -9.5,  -8.6,  -6.7,  -6.6,  -11.0,  -13.0,  -11.2,  -6.9,  -2.4,  -0.5,  -1.8,  -4.7,  -7.3,  -8.9,  -9.5,  -8.7,  -7.3,  -5.1,  -4.2,  -3.8,  -3.6,  -3.7,  -3.9,  -4.2,  -3.3,  -4.3,  -6.5,  -8.7,  -9.6,  -8.6,  -6.4,  323.1,  324.3,  324.5,  323.7,  322.2,  321.2,  320.9,  321.7,  326.4,  324.5,  322.7,  321.8,  322.2,  323.0,  324.0,  322.1,  320.4,  320.2,  321.6,  323.9,  323.0,  322.6,  322.7,  323.3,  323.9,  324.3,  324.2,  323.7,  298.8,  300.4,  301.9,  302.3,  301.4,  299.7,  298.3,  298.1,  298.8,  298.4,  298.3,  298.9,  300.5,  303.0,  305.4,  302.4,  299.5,  297.4,  296.9,  297.7,  299.8,  300.0,  300.7,  301.6,  302.0,  301.8,  301.1,  300.3,  2.8,  29.8,  340.4,  -0.225,  0.033,  0.006,  463.5,  464.3,  470.1,  480.6,  498.2,  526.1,  561.5,  602.8,  648.4,  692.3,  731.6,  767.1,  796.3,  814.7,  824.1,  831.1,  835.1,  498.4,  517.4,  545.8,  576.3,  605.1,  688.7,  721.3,  751.6,  779.8,  799.0,  646.6,  646.9,  647.1,  647.0,  612.8,  629.8,  646.9,  664.3,  680.4,  534.9,  554.9,  578.4,  597.7,  577.8,  554.7,  696.9,  716.3,  740.0,  759.2,  741.8,  718.8,  585.4,  605.5,  629.0,  646.4,  665.1,  690.7,  710.5,  691.5,  667.8,  647.1,  627.7,  604.8,  597.1,  628.4,  646.2,  665.1,  699.9,  665.5,  646.1,  627.7,  370.2,  418.1,  465.5,  510.3,  549.7,  583.5,  608.2,  626.9,  634.1,  632.0,  618.7,  596.2,  562.9,  518.2,  466.3,  412.3,  359.4,  319.4,  295.1,  284.6,  284.6,  289.2,  286.7,  279.4,  279.0,  289.2,  310.9,  331.8,  358.4,  384.8,  412.1,  439.8,  444.8,  448.9,  444.5,  440.5,  349.0,  336.7,  335.6,  346.6,  352.3,  353.6,  345.2,  332.8,  333.9,  344.5,  350.4,  350.1,  513.3,  486.5,  475.0,  479.0,  475.1,  488.6,  512.1,  534.2,  542.5,  543.8,  541.9,  532.7,  511.5,  496.0,  496.8,  495.8,  511.0,  515.3,  516.5,  514.9,  -80.2,  -79.4,  -76.6,  -71.3,  -62.2,  -48.6,  -32.1,  -14.6,  3.3,  20.8,  37.9,  54.3,  68.2,  76.9,  81.1,  84.4,  86.7,  -59.7,  -51.1,  -38.8,  -25.8,  -13.9,  19.3,  32.6,  45.2,  57.1,  65.4,  2.6,  2.7,  2.7,  2.6,  -10.4,  -3.9,  2.6,  9.2,  15.4,  -43.3,  -34.8,  -25.1,  -17.1,  -25.2,  -34.7,  22.9,  30.6,  40.3,  48.2,  40.8,  31.6,  -21.3,  -13.1,  -4.1,  2.4,  9.3,  19.1,  27.2,  19.4,  10.3,  2.6,  -4.6,  -13.3,  -16.7,  -4.4,  2.3,  9.4,  23.0,  9.5,  2.3,  -4.6,  4.7,  26.2,  47.6,  67.2,  83.2,  95.3,  101.5,  105.0,  106.9,  108.1,  107.1,  100.9,  88.5,  69.6,  46.9,  23.1,  -0.3,  -17.1,  -27.1,  -31.0,  -30.6,  -28.2,  -29.0,  -32.3,  -32.8,  -28.9,  -20.2,  -11.1,  -0.6,  9.3,  19.2,  30.4,  32.1,  33.5,  32.0,  30.6,  -4.5,  -9.5,  -9.9,  -5.4,  -3.1,  -2.6,  -6.0,  -10.9,  -10.5,  -6.3,  -3.9,  -4.0,  59.9,  47.9,  43.0,  44.2,  42.7,  48.5,  58.7,  65.6,  67.7,  68.2,  67.9,  65.4,  58.8,  51.0,  51.0,  50.6,  57.9,  58.1,  58.6,  58.3,  397.7,  395.4,  394.4,  391.3,  383.9,  373.2,  358.0,  344.1,  341.2,  347.9,  362.2,  373.7,  381.7,  385.3,  385.7,  386.2,  388.8,  369.0,  365.0,  360.3,  354.8,  349.0,  346.5,  350.8,  354.6,  357.3,  359.9,  343.3,  336.5,  329.4,  322.6,  333.5,  331.4,  329.6,  330.9,  332.4,  360.3,  357.8,  356.4,  354.3,  354.4,  356.2,  351.7,  351.5,  352.3,  354.2,  351.0,  350.3,  341.9,  331.3,  326.8,  324.8,  324.8,  329.9,  337.7,  329.4,  324.9,  324.9,  326.5,  331.6,  339.7,  328.3,  326.5,  326.1,  335.7,  327.3,  327.4,  329.2,  2.501,  -0.100,  0.039,  0.004,  647.527,  439.256,  -18.784,  -5.891,  -13.796,  -5.224,  -5.990,  -10.774,  4.766,  2.265,  1.988,  -10.809,  -7.536,  -8.198,  10.710,  -2.585,  4.040,  1.909,  1.984,  0.057,  -2.140,  -3.299,  -0.767,  0.085,  1.086,  -0.448,  -0.173,  1.692,  -0.326,  -0.010,  -0.066,  -0.528,  0.522,  -0.874,  -0.149,  0.392, 0.46, 0.53, 0.00, 0.09, 0.00, 0.40, 0.03, 0.08, 0.02, 0.00, 0.00, 0.14, 0.00, 0.00, 1.64, 0.82, 0.16, 0.00, 1.00, 0.00, 1.00, 0.00, 0.00, 0.00, 0.00, 0.00, 0.00, 0.00, 0.00, 0.00, 0.00, 1.00, 1.00, 0.00, 0.00
33,  0,  1.068,  0.98,  1,  0.065425,  -0.038389,  -0.997119,  -0.138283,  0.024765,  -0.990083,  -0.037,  -0.007,  551.3,  556.1,  567.9,  579.8,  584.9,  581.0,  568.3,  556.4,  538.9,  545.1,  554.5,  566.9,  579.9,  589.5,  596.0,  588.4,  577.4,  565.2,  554.4,  545.4,  562.6,  568.5,  574.2,  576.6,  574.1,  568.2,  562.4,  560.1,  708.1,  712.4,  724.6,  737.6,  743.7,  739.4,  727.2,  713.3,  698.4,  706.0,  716.4,  729.6,  741.6,  750.6,  757.1,  751.1,  742.8,  732.2,  719.7,  707.8,  719.5,  726.1,  732.2,  734.3,  731.2,  724.7,  718.5,  716.4,  342.3,  330.4,  325.2,  329.7,  341.4,  354.3,  358.5,  354.0,  348.9,  341.9,  337.4,  334.5,  335.7,  339.8,  346.4,  350.3,  352.0,  353.3,  353.3,  352.1,  348.3,  350.6,  348.0,  342.1,  336.4,  334.2,  336.8,  342.6,  341.0,  328.2,  322.9,  328.0,  340.7,  353.4,  358.8,  354.7,  346.6,  339.1,  334.3,  332.6,  334.9,  339.3,  345.7,  348.0,  349.1,  349.5,  349.2,  348.8,  348.0,  350.6,  347.9,  341.5,  335.2,  332.6,  335.3,  341.7,  -32.5,  -30.8,  -26.5,  -22.1,  -20.1,  -21.5,  -26.1,  -30.6,  -37.5,  -35.0,  -31.3,  -26.7,  -22.0,  -18.5,  -16.2,  -18.9,  -22.8,  -27.2,  -31.3,  -34.8,  -28.4,  -26.2,  -24.1,  -23.3,  -24.2,  -26.4,  -28.5,  -29.3,  23.4,  25.0,  29.3,  33.9,  35.9,  34.2,  29.9,  25.1,  20.0,  22.6,  26.2,  30.7,  35.1,  38.5,  41.1,  38.6,  35.4,  31.5,  27.2,  23.2,  27.4,  29.6,  31.8,  32.7,  31.6,  29.3,  27.1,  26.3,  -6.5,  -10.9,  -12.8,  -11.1,  -6.8,  -2.1,  -0.5,  -2.2,  -4.1,  -6.7,  -8.3,  -9.3,  -8.9,  -7.4,  -5.0,  -3.5,  -2.9,  -2.4,  -2.5,  -2.9,  -4.3,  -3.5,  -4.4,  -6.6,  -8.7,  -9.5,  -8.5,  -6.4,  -6.5,  -11.0,  -12.9,  -11.1,  -6.7,  -2.3,  -0.4,  -1.8,  -4.6,  -7.2,  -8.8,  -9.4,  -8.7,  -7.2,  -5.0,  -4.2,  -3.8,  -3.6,  -3.7,  -3.8,  -4.1,  -3.2,  -4.2,  -6.4,  -8.6,  -9.5,  -8.5,  -6.3,  320.9,  321.6,  321.5,  320.7,  319.7,  319.2,  319.0,  319.8,  324.5,  322.4,  320.3,  319.2,  319.5,  320.3,  321.3,  319.7,  318.3,  318.2,  319.8,  322.1,  320.9,  320.5,  320.5,  320.8,  321.3,  321.7,  321.7,  321.4,  300.0,  301.7,  303.2,  303.7,  302.9,  301.3,  299.8,  299.4,  300.0,  299.7,  299.7,  300.4,  302.1,  304.8,  307.2,  304.1,  301.1,  298.9,  298.3,  299.0,  301.1,  301.4,  302.2,  303.0,  303.4,  303.2,  302.4,  301.6,  2.9,  30.2,  338.7,  -0.221,  0.035,  0.006,  464.1,  464.8,  470.8,  481.4,  499.1,  527.1,  562.5,  604.2,  650.0,  693.8,  732.5,  767.3,  796.1,  814.7,  824.5,  831.6,  835.5,  499.6,  518.4,  546.7,  577.1,  605.7,  689.1,  721.6,  751.8,  780.0,  799.0,  647.0,  647.4,  647.6,  647.6,  613.3,  630.2,  647.2,  664.7,  680.8,  535.4,  555.3,  578.7,  598.1,  578.2,  555.3,  697.1,  716.6,  740.2,  759.2,  742.0,  719.1,  586.9,  605.4,  628.6,  646.3,  665.4,  690.8,  709.2,  691.4,  668.0,  646.8,  627.0,  604.6,  598.6,  627.9,  646.0,  665.3,  698.6,  665.7,  645.9,  627.2,  369.1,  417.3,  465.3,  510.8,  551.4,  586.8,  613.6,  633.4,  640.7,  637.7,  622.7,  598.5,  564.3,  519.1,  466.9,  412.3,  358.8,  319.4,  295.1,  284.7,  284.9,  289.9,  287.4,  280.0,  279.4,  289.6,  311.2,  332.1,  358.6,  384.9,  412.1,  440.2,  445.3,  449.3,  445.0,  441.0,  349.1,  337.0,  335.9,  346.7,  352.4,  353.7,  345.4,  333.1,  334.3,  344.8,  350.7,  350.3,  516.4,  487.4,  475.2,  479.4,  475.6,  490.0,  515.5,  539.5,  548.6,  549.9,  547.8,  537.4,  514.2,  496.8,  497.6,  496.8,  514.3,  520.7,  522.0,  520.1,  -79.4,  -78.7,  -75.9,  -70.6,  -61.5,  -47.9,  -31.6,  -14.0,  3.9,  21.3,  38.1,  54.0,  67.6,  76.4,  80.7,  84.0,  86.2,  -58.8,  -50.4,  -38.2,  -25.3,  -13.6,  19.3,  32.5,  45.1,  56.9,  65.1,  2.7,  2.8,  2.8,  2.8,  -10.1,  -3.7,  2.7,  9.3,  15.4,  -42.8,  -34.4,  -24.8,  -16.9,  -24.9,  -34.3,  22.8,  30.6,  40.1,  47.9,  40.7,  31.5,  -20.6,  -13.0,  -4.2,  2.3,  9.4,  19.0,  26.5,  19.2,  10.3,  2.5,  -4.8,  -13.3,  -15.9,  -4.5,  2.2,  9.4,  22.3,  9.6,  2.2,  -4.8,  4.1,  25.8,  47.2,  67.2,  83.6,  96.3,  103.4,  107.2,  109.1,  109.9,  108.1,  101.1,  88.5,  69.6,  46.8,  22.9,  -0.5,  -17.0,  -26.9,  -30.8,  -30.3,  -27.8,  -28.6,  -31.9,  -32.5,  -28.6,  -20.0,  -10.9,  -0.5,  9.3,  19.1,  30.4,  32.1,  33.4,  32.0,  30.6,  -4.4,  -9.3,  -9.8,  -5.3,  -3.1,  -2.6,  -5.8,  -10.7,  -10.3,  -6.1,  -3.7,  -3.9,  60.6,  47.9,  42.7,  44.0,  42.6,  48.6,  59.5,  67.1,  69.7,  70.2,  69.8,  66.8,  59.4,  51.0,  51.0,  50.7,  58.7,  59.8,  60.3,  60.0,  394.9,  393.0,  392.4,  389.5,  382.0,  371.5,  356.7,  343.1,  340.1,  346.5,  360.0,  371.1,  378.9,  382.5,  382.9,  383.4,  385.9,  366.2,  362.6,  357.9,  352.7,  347.3,  344.8,  348.9,  352.8,  355.6,  358.3,  341.1,  334.4,  327.4,  320.7,  331.7,  329.6,  327.7,  328.9,  330.4,  357.9,  355.5,  354.2,  351.9,  352.2,  353.9,  349.7,  349.4,  350.2,  352.1,  348.9,  348.2,  339.1,  328.7,  324.4,  322.4,  322.4,  327.3,  334.7,  327.3,  323.5,  323.5,  325.2,  329.6,  336.9,  326.0,  324.2,  323.9,  332.9,  325.7,  325.9,  327.7,  2.516,  -0.096,  0.041,  0.005,  647.881,  440.848,  -22.039,  -4.384,  -13.068,  -1.518,  -7.631,  -14.165,  7.012,  1.781,  2.953,  -11.737,  -7.063,  -7.938,  10.983,  -1.919,  4.484,  2.140,  1.348,  0.871,  -2.415,  -3.750,  -1.855,  0.360,  1.139,  -0.852,  -0.154,  2.044,  -0.030,  0.137,  0.073,  -0.590,  0.447,  -0.879,  -0.192,  0.451, 0.43, 0.54, 0.00, 0.05, 0.00, 0.44, 0.06, 0.07, 0.00, 0.00, 0.00, 0.05, 0.00, 0.00, 2.06, 1.27, 0.08, 0.00, 1.00, 0.00, 1.00, 0.00, 0.00, 0.00, 0.00, 0.00, 0.00, 0.00, 0.00, 0.00, 0.00, 1.00, 1.00, 0.00, 0.00
34,  0,  1.101,  0.98,  1,  0.082950,  -0.014837,  -0.996443,  -0.140357,  0.025441,  -0.989774,  -0.029,  0.005,  551.7,  556.5,  568.6,  580.9,  586.1,  582.2,  569.2,  556.9,  539.1,  545.3,  554.6,  567.0,  580.1,  589.7,  596.4,  588.6,  577.5,  565.2,  554.5,  545.6,  563.0,  569.3,  575.6,  578.1,  575.4,  569.0,  562.7,  560.2,  708.2,  712.5,  724.9,  737.9,  744.1,  739.7,  727.4,  713.3,  698.5,  706.1,  716.5,  729.8,  741.9,  751.0,  757.6,  751.4,  743.0,  732.3,  719.8,  707.9,  719.7,  726.3,  732.4,  734.6,  731.5,  725.0,  718.8,  716.7,  343.3,  331.0,  325.6,  330.2,  342.2,  355.4,  359.9,  355.2,  349.3,  342.2,  337.7,  334.8,  335.8,  339.9,  346.8,  350.4,  352.1,  353.4,  353.3,  352.1,  349.7,  352.1,  349.3,  342.9,  336.7,  334.3,  337.1,  343.5,  341.2,  328.5,  323.2,  328.4,  341.1,  353.8,  359.1,  355.1,  347.0,  339.4,  334.7,  333.1,  335.4,  339.8,  346.3,  348.6,  349.5,  349.8,  349.6,  349.2,  348.3,  350.9,  348.3,  341.9,  335.6,  333.0,  335.7,  342.0,  -32.0,  -30.3,  -25.9,  -21.4,  -19.4,  -20.8,  -25.5,  -30.0,  -37.0,  -34.5,  -30.9,  -26.3,  -21.6,  -18.2,  -15.8,  -18.6,  -22.4,  -26.9,  -30.9,  -34.3,  -27.9,  -25.6,  -23.3,  -22.4,  -23.5,  -25.8,  -28.1,  -28.9,  23.3,  25.0,  29.3,  33.9,  35.9,  34.2,  29.8,  25.0,  20.0,  22.6,  26.1,  30.7,  35.1,  38.5,  41.2,  38.6,  35.3,  31.4,  27.1,  23.1,  27.4,  29.6,  31.8,  32.7,  31.6,  29.4,  27.2,  26.4,  -6.1,  -10.5,  -12.5,  -10.8,  -6.4,  -1.6,  -0.0,  -1.7,  -3.9,  -6.5,  -8.1,  -9.1,  -8.7,  -7.3,  -4.8,  -3.5,  -2.8,  -2.4,  -2.4,  -2.9,  -3.7,  -2.9,  -3.9,  -6.2,  -8.4,  -9.3,  -8.3,  -6.0,  -6.4,  -10.8,  -12.7,  -10.9,  -6.5,  -2.1,  -0.3,  -1.7,  -4.5,  -7.0,  -8.6,  -9.2,  -8.5,  -7.0,  -4.8,  -4.0,  -3.6,  -3.5,  -3.5,  -3.7,  -4.0,  -3.1,  -4.0,  -6.2,  -8.4,  -9.3,  -8.4,  -6.2,  317.0,  317.7,  317.6,  316.8,  315.8,  315.4,  315.3,  316.0,  320.6,  318.6,  316.5,  315.5,  315.6,  316.3,  317.2,  315.7,  314.4,  314.4,  316.0,  318.3,  317.1,  316.7,  316.6,  317.0,  317.5,  317.9,  317.9,  317.6,  299.3,  301.0,  302.5,  302.9,  302.0,  300.3,  298.8,  298.5,  299.3,  298.9,  298.9,  299.5,  301.2,  303.7,  306.1,  303.1,  300.1,  298.0,  297.5,  298.2,  300.3,  300.5,  301.3,  302.2,  302.6,  302.4,  301.7,  300.8,  2.9,  30.7,  337.8,  -0.217,  0.036,  0.008,  464.6,  465.3,  471.4,  482.2,  499.7,  527.0,  562.0,  604.0,  650.0,  693.8,  732.2,  766.6,  795.4,  814.1,  824.2,  831.6,  835.7,  500.2,  518.9,  547.2,  577.6,  605.9,  689.0,  721.7,  752.1,  780.3,  799.3,  646.9,  647.3,  647.5,  647.5,  613.3,  630.1,  647.2,  664.8,  680.9,  535.7,  555.4,  578.9,  598.3,  578.4,  555.5,  697.4,  716.9,  740.5,  759.4,  742.3,  719.3,  587.8,  605.9,  629.1,  646.5,  665.1,  690.5,  708.7,  691.3,  667.9,  647.1,  627.7,  605.2,  599.6,  628.4,  646.2,  664.9,  698.1,  665.5,  646.1,  627.7,  369.2,  417.5,  465.4,  510.9,  552.0,  588.4,  616.6,  637.5,  645.2,  642.3,  627.3,  602.6,  567.7,  521.8,  468.6,  413.0,  358.6,  319.8,  295.3,  285.0,  285.4,  290.5,  288.2,  280.8,  280.2,  290.5,  312.5,  332.5,  359.2,  385.6,  413.1,  440.8,  446.0,  450.1,  445.7,  441.5,  349.5,  337.2,  336.1,  346.9,  352.8,  354.0,  345.7,  333.4,  334.7,  345.3,  351.1,  350.7,  518.9,  489.1,  476.6,  480.7,  476.9,  491.6,  518.0,  543.2,  552.5,  553.8,  551.7,  540.9,  516.7,  497.8,  498.5,  497.9,  516.7,  524.8,  526.1,  524.1,  -78.8,  -78.2,  -75.3,  -69.9,  -61.0,  -47.8,  -31.7,  -14.1,  3.9,  21.2,  37.8,  53.5,  67.1,  75.8,  80.2,  83.5,  85.8,  -58.3,  -50.0,  -37.8,  -25.0,  -13.5,  19.2,  32.4,  45.0,  56.7,  64.9,  2.7,  2.8,  2.8,  2.7,  -10.1,  -3.7,  2.7,  9.3,  15.4,  -42.5,  -34.3,  -24.7,  -16.7,  -24.7,  -34.1,  22.8,  30.6,  40.1,  47.8,  40.6,  31.4,  -20.2,  -12.8,  -4.0,  2.4,  9.2,  18.8,  26.2,  19.1,  10.3,  2.6,  -4.6,  -13.1,  -15.5,  -4.3,  2.3,  9.2,  22.0,  9.5,  2.3,  -4.6,  4.1,  25.7,  47.1,  66.9,  83.5,  96.7,  104.4,  108.6,  110.6,  111.5,  109.6,  102.6,  89.6,  70.4,  47.3,  23.1,  -0.6,  -16.8,  -26.7,  -30.5,  -29.9,  -27.5,  -28.2,  -31.5,  -32.0,  -28.1,  -19.4,  -10.7,  -0.3,  9.5,  19.4,  30.5,  32.3,  33.6,  32.1,  30.7,  -4.3,  -9.2,  -9.7,  -5.2,  -2.9,  -2.4,  -5.7,  -10.6,  -10.1,  -5.9,  -3.5,  -3.7,  61.4,  48.3,  43.1,  44.3,  42.9,  49.1,  60.3,  68.3,  71.0,  71.5,  71.1,  68.0,  60.2,  51.2,  51.2,  50.9,  59.4,  61.2,  61.7,  61.3,  393.2,  391.3,  390.7,  387.9,  380.5,  370.4,  356.0,  342.5,  339.3,  345.5,  358.9,  369.9,  377.6,  381.0,  381.2,  381.4,  383.6,  364.7,  361.1,  356.4,  351.2,  345.9,  343.3,  347.4,  351.1,  353.9,  356.6,  339.7,  333.0,  326.1,  319.4,  330.4,  328.3,  326.4,  327.6,  329.2,  356.8,  354.5,  353.2,  350.8,  351.3,  353.0,  348.2,  348.0,  348.8,  350.6,  347.5,  346.8,  338.2,  327.6,  323.4,  321.4,  321.4,  326.2,  333.7,  326.3,  322.6,  322.8,  324.4,  328.7,  336.0,  325.0,  323.2,  322.7,  331.9,  324.9,  325.1,  326.9,  2.525,  -0.091,  0.043,  0.007,  648.016,  442.372,  -24.645,  -4.959,  -11.995,  0.791,  -8.421,  -14.620,  8.133,  2.152,  4.005,  -12.936,  -7.141,  -8.393,  10.298,  -2.721,  4.553,  1.921,  1.987,  0.894,  -2.401,  -3.083,  -1.907,  0.842,  1.117,  -1.243,  -0.453,  2.043,  -0.025,  0.307,  0.112,  -0.567,  0.531,  -0.913,  -0.156,  0.457, 0.36, 0.65, 0.00, 0.05, 0.00, 0.52, 0.06, 0.04, 0.00, 0.00, 0.00, 0.00, 0.00, 0.00, 2.40, 1.70, 0.13, 0.00, 1.00, 0.00, 1.00, 0.00, 0.00, 0.00, 0.00, 0.00, 0.00, 0.00, 0.00, 0.00, 0.00, 1.00, 1.00, 0.00, 0.00
35,  0,  1.134,  0.98,  1,  0.075549,  -0.013399,  -0.997052,  -0.134856,  0.002990,  -0.990861,  -0.030,  -0.005,  551.7,  556.6,  568.7,  580.9,  586.0,  582.0,  569.0,  556.9,  539.3,  545.5,  554.7,  567.1,  580.2,  589.9,  596.7,  588.7,  577.5,  565.2,  554.4,  545.7,  562.9,  569.3,  575.6,  578.1,  575.5,  569.1,  562.8,  560.2,  708.4,  712.4,  724.6,  737.9,  744.4,  740.4,  728.1,  713.9,  698.8,  706.1,  716.4,  729.6,  741.9,  751.2,  757.9,  751.6,  743.0,  732.2,  719.7,  708.0,  720.1,  726.9,  733.1,  735.2,  731.8,  725.1,  718.8,  716.7,  343.6,  331.3,  326.0,  330.6,  342.6,  355.8,  360.2,  355.5,  349.4,  342.2,  337.7,  334.8,  336.0,  340.1,  347.1,  350.7,  352.4,  353.6,  353.5,  352.3,  350.1,  352.5,  349.7,  343.3,  337.0,  334.6,  337.4,  343.8,  341.7,  329.0,  323.3,  328.0,  340.3,  353.0,  358.7,  355.1,  347.6,  339.8,  334.8,  333.2,  335.5,  339.9,  346.5,  348.9,  349.9,  350.2,  350.0,  349.7,  348.5,  350.9,  348.0,  341.5,  335.3,  332.8,  335.7,  342.2,  -31.9,  -30.2,  -25.8,  -21.4,  -19.4,  -20.8,  -25.5,  -30.0,  -36.9,  -34.4,  -30.8,  -26.2,  -21.5,  -18.1,  -15.7,  -18.5,  -22.4,  -26.8,  -30.9,  -34.3,  -27.9,  -25.5,  -23.3,  -22.4,  -23.4,  -25.7,  -28.0,  -28.9,  23.5,  25.0,  29.4,  34.0,  36.1,  34.5,  30.2,  25.3,  20.2,  22.7,  26.2,  30.8,  35.2,  38.7,  41.3,  38.7,  35.4,  31.5,  27.2,  23.3,  27.6,  29.9,  32.2,  33.0,  31.9,  29.5,  27.3,  26.5,  -5.9,  -10.4,  -12.3,  -10.6,  -6.3,  -1.5,  0.1,  -1.6,  -3.9,  -6.5,  -8.1,  -9.1,  -8.7,  -7.2,  -4.7,  -3.3,  -2.7,  -2.3,  -2.3,  -2.8,  -3.6,  -2.7,  -3.7,  -6.0,  -8.3,  -9.2,  -8.2,  -5.9,  -6.3,  -10.7,  -12.7,  -11.1,  -6.8,  -2.4,  -0.5,  -1.7,  -4.3,  -6.9,  -8.6,  -9.2,  -8.5,  -7.0,  -4.7,  -3.9,  -3.5,  -3.3,  -3.4,  -3.5,  -4.0,  -3.1,  -4.1,  -6.4,  -8.6,  -9.4,  -8.4,  -6.1,  316.6,  317.1,  316.9,  316.0,  315.0,  314.7,  314.7,  315.6,  320.5,  318.4,  316.2,  315.0,  315.0,  315.5,  316.4,  315.0,  313.8,  313.9,  315.6,  318.0,  316.5,  316.1,  316.0,  316.2,  316.8,  317.2,  317.4,  317.1,  300.4,  302.1,  303.6,  303.9,  302.8,  301.0,  299.6,  299.4,  300.6,  300.2,  300.1,  300.6,  302.0,  304.4,  306.5,  303.7,  300.9,  298.9,  298.5,  299.4,  301.2,  301.4,  302.1,  303.0,  303.6,  303.4,  302.7,  301.8,  2.8,  31.2,  337.7,  -0.220,  0.036,  0.013,  464.5,  465.4,  471.9,  482.9,  500.1,  526.9,  560.6,  601.8,  647.4,  691.2,  729.9,  764.6,  793.8,  813.1,  823.6,  831.5,  835.9,  500.1,  519.4,  547.9,  578.3,  606.4,  688.6,  721.3,  751.8,  780.2,  799.6,  647.0,  647.4,  647.5,  647.4,  612.7,  629.7,  647.0,  664.8,  681.2,  535.7,  555.6,  579.1,  598.5,  578.5,  555.5,  697.5,  716.8,  740.5,  759.4,  742.4,  719.3,  586.7,  605.0,  628.4,  646.0,  665.1,  690.8,  708.9,  691.4,  667.5,  646.3,  626.5,  604.0,  598.5,  627.6,  645.6,  664.8,  698.3,  665.3,  645.4,  626.7,  369.5,  418.2,  466.3,  511.9,  553.0,  589.6,  618.3,  639.6,  647.7,  645.4,  631.4,  606.9,  571.5,  525.0,  471.1,  414.8,  359.8,  320.0,  295.5,  285.6,  286.1,  291.2,  289.1,  281.6,  281.1,  291.3,  313.5,  332.6,  359.7,  386.5,  414.4,  441.5,  446.8,  451.1,  446.5,  442.4,  349.7,  337.1,  336.2,  347.2,  353.0,  354.2,  346.1,  333.6,  334.8,  345.8,  351.5,  351.1,  520.8,  490.3,  477.8,  481.9,  478.2,  493.1,  520.1,  545.3,  554.6,  555.8,  553.6,  542.7,  518.6,  498.5,  499.2,  498.6,  518.8,  527.5,  528.7,  526.7,  -78.8,  -77.9,  -74.8,  -69.4,  -60.6,  -47.7,  -32.2,  -14.9,  2.9,  20.1,  36.7,  52.5,  66.2,  75.1,  79.8,  83.3,  85.8,  -58.2,  -49.7,  -37.5,  -24.7,  -13.3,  19.1,  32.3,  44.8,  56.6,  64.9,  2.7,  2.8,  2.8,  2.7,  -10.3,  -3.9,  2.6,  9.3,  15.5,  -42.5,  -34.2,  -24.6,  -16.6,  -24.7,  -34.1,  22.8,  30.5,  40.0,  47.8,  40.6,  31.4,  -20.6,  -13.1,  -4.3,  2.2,  9.2,  18.9,  26.3,  19.1,  10.1,  2.3,  -5.0,  -13.5,  -15.9,  -4.6,  2.1,  9.1,  22.1,  9.4,  2.0,  -5.0,  4.3,  26.0,  47.3,  67.1,  83.6,  96.9,  104.9,  109.2,  111.2,  112.2,  110.9,  104.0,  90.9,  71.6,  48.3,  23.9,  -0.1,  -16.7,  -26.6,  -30.3,  -29.6,  -27.2,  -27.8,  -31.1,  -31.6,  -27.7,  -18.9,  -10.6,  -0.1,  9.9,  19.8,  30.8,  32.5,  33.9,  32.4,  30.9,  -4.2,  -9.3,  -9.6,  -5.1,  -2.8,  -2.4,  -5.5,  -10.5,  -10.0,  -5.7,  -3.4,  -3.5,  62.2,  48.8,  43.6,  44.8,  43.4,  49.6,  61.0,  69.0,  71.6,  72.1,  71.7,  68.6,  60.9,  51.4,  51.4,  51.1,  60.2,  62.1,  62.6,  62.2,  392.9,  390.6,  389.5,  386.5,  379.1,  369.2,  355.3,  341.7,  338.2,  344.0,  357.4,  368.5,  376.3,  379.8,  380.2,  380.7,  383.2,  364.2,  360.6,  355.9,  350.8,  345.6,  343.1,  347.2,  350.7,  353.4,  356.0,  339.5,  332.8,  326.0,  319.3,  330.4,  328.0,  325.9,  327.1,  328.8,  356.5,  354.4,  353.0,  350.6,  351.1,  352.8,  347.9,  347.7,  348.4,  350.1,  347.1,  346.4,  338.5,  327.9,  323.6,  321.4,  321.4,  326.3,  333.6,  326.0,  322.1,  322.4,  324.2,  328.8,  336.2,  325.0,  323.0,  322.5,  332.0,  324.5,  324.9,  326.8,  2.528,  -0.095,  0.043,  0.012,  647.664,  443.637,  -27.953,  -6.121,  -10.444,  1.400,  -8.056,  -13.204,  8.734,  2.183,  4.540,  -13.050,  -7.519,  -7.839,  9.127,  -2.019,  4.132,  1.917,  3.194,  0.445,  -2.463,  -3.249,  -1.957,  1.353,  1.361,  -1.559,  -0.273,  1.920,  0.140,  0.358,  0.158,  -0.439,  0.562,  -0.916,  -0.118,  0.436, 0.29, 0.56, 0.00, 0.00, 0.00, 0.55, 0.03, 0.05, 0.00, 0.00, 0.00, 0.00, 0.00, 0.00, 2.47, 1.80, 0.11, 0.00, 1.00, 0.00, 1.00, 0.00, 0.00, 0.00, 0.00, 0.00, 0.00, 0.00, 0.00, 0.00, 0.00, 1.00, 1.00, 0.00, 0.00
36,  0,  1.168,  0.98,  1,  0.056321,  -0.053909,  -0.996956,  -0.145007,  -0.006924,  -0.989406,  -0.045,  -0.031,  551.6,  556.5,  568.2,  580.0,  584.9,  580.9,  568.3,  556.5,  539.1,  545.3,  554.8,  567.4,  580.3,  589.8,  596.1,  588.7,  577.7,  565.3,  554.5,  545.4,  563.0,  568.5,  574.0,  576.2,  573.9,  568.4,  563.0,  560.7,  708.2,  712.2,  724.5,  738.0,  744.7,  740.7,  728.4,  714.0,  699.3,  706.3,  716.5,  729.8,  742.1,  751.6,  758.4,  752.0,  743.4,  732.6,  720.0,  708.4,  720.2,  727.1,  733.4,  735.5,  732.0,  725.1,  718.8,  716.8,  342.7,  331.0,  326.0,  330.5,  342.0,  354.7,  358.7,  354.2,  349.6,  342.5,  337.9,  335.2,  336.6,  340.9,  347.6,  351.3,  352.7,  353.8,  353.8,  352.7,  348.4,  350.6,  348.2,  342.8,  337.4,  335.3,  337.6,  343.1,  342.3,  329.6,  323.8,  328.3,  340.4,  353.1,  358.9,  355.6,  348.2,  340.3,  335.3,  333.7,  335.9,  340.3,  347.0,  349.4,  350.5,  350.8,  350.6,  350.3,  349.0,  351.3,  348.3,  341.9,  335.6,  333.3,  336.3,  342.8,  -32.6,  -30.9,  -26.6,  -22.2,  -20.3,  -21.7,  -26.3,  -30.7,  -37.7,  -35.1,  -31.4,  -26.7,  -22.0,  -18.5,  -16.2,  -18.9,  -22.8,  -27.3,  -31.5,  -35.1,  -28.4,  -26.4,  -24.4,  -23.6,  -24.4,  -26.5,  -28.5,  -29.3,  23.4,  24.9,  29.3,  34.0,  36.2,  34.6,  30.2,  25.3,  20.4,  22.8,  26.2,  30.8,  35.2,  38.8,  41.4,  38.8,  35.5,  31.6,  27.3,  23.4,  27.6,  30.0,  32.2,  33.0,  31.9,  29.5,  27.3,  26.5,  -6.4,  -10.7,  -12.6,  -10.9,  -6.6,  -2.0,  -0.5,  -2.1,  -3.9,  -6.5,  -8.1,  -9.1,  -8.6,  -7.0,  -4.6,  -3.2,  -2.7,  -2.3,  -2.3,  -2.7,  -4.3,  -3.5,  -4.3,  -6.4,  -8.4,  -9.2,  -8.3,  -6.3,  -6.1,  -10.5,  -12.6,  -11.0,  -6.8,  -2.4,  -0.4,  -1.5,  -4.1,  -6.8,  -8.5,  -9.0,  -8.3,  -6.8,  -4.6,  -3.7,  -3.3,  -3.1,  -3.2,  -3.3,  -3.8,  -3.0,  -4.0,  -6.3,  -8.5,  -9.2,  -8.2,  -5.9,  323.0,  323.8,  323.8,  323.0,  321.9,  321.3,  321.1,  321.8,  326.6,  324.6,  322.6,  321.6,  321.9,  322.7,  323.7,  322.0,  320.5,  320.4,  321.9,  324.2,  323.0,  322.6,  322.6,  323.0,  323.6,  323.9,  323.9,  323.5,  300.4,  302.2,  303.6,  303.7,  302.5,  300.6,  299.3,  299.3,  300.6,  300.2,  300.2,  300.5,  301.8,  303.9,  305.9,  303.2,  300.6,  298.6,  298.3,  299.3,  301.1,  301.1,  301.8,  302.8,  303.4,  303.4,  302.7,  301.7,  2.8,  31.2,  338.1,  -0.222,  0.037,  0.014,  464.8,  465.6,  472.0,  482.7,  499.8,  526.5,  560.1,  601.2,  647.1,  691.4,  730.6,  765.6,  794.7,  813.6,  823.7,  831.4,  835.8,  500.0,  519.3,  547.7,  578.0,  606.2,  689.1,  721.8,  752.2,  780.5,  799.8,  647.1,  647.3,  647.2,  647.0,  612.0,  629.2,  646.8,  664.9,  681.5,  535.7,  555.6,  579.1,  598.4,  578.4,  555.4,  697.8,  717.1,  740.9,  759.8,  742.7,  719.7,  585.7,  604.7,  628.1,  646.0,  665.5,  691.3,  710.1,  691.9,  667.9,  646.3,  626.4,  603.8,  597.5,  627.3,  645.6,  665.3,  699.3,  665.8,  645.5,  626.6,  368.7,  417.6,  466.1,  511.9,  553.1,  589.4,  617.2,  637.6,  645.1,  643.2,  629.8,  606.1,  571.2,  525.0,  471.5,  415.6,  360.9,  320.6,  296.2,  286.3,  287.0,  292.1,  290.1,  282.7,  282.0,  292.1,  314.3,  333.5,  360.8,  387.7,  415.8,  442.6,  447.9,  452.2,  447.6,  443.4,  350.0,  337.4,  336.5,  347.8,  353.4,  354.5,  346.8,  334.2,  335.3,  346.3,  352.0,  351.6,  520.8,  491.1,  479.0,  483.1,  479.3,  493.8,  520.0,  542.9,  551.3,  552.6,  550.5,  540.7,  518.7,  499.5,  500.2,  499.5,  518.7,  524.9,  526.1,  524.2,  -78.9,  -78.1,  -75.0,  -69.7,  -60.9,  -48.0,  -32.5,  -15.2,  2.8,  20.2,  37.1,  53.0,  66.7,  75.5,  79.9,  83.4,  85.9,  -58.4,  -49.8,  -37.6,  -24.9,  -13.4,  19.3,  32.5,  45.0,  56.8,  65.1,  2.8,  2.8,  2.7,  2.5,  -10.6,  -4.1,  2.5,  9.3,  15.6,  -42.6,  -34.2,  -24.6,  -16.7,  -24.8,  -34.2,  23.0,  30.7,  40.2,  48.0,  40.8,  31.6,  -21.0,  -13.3,  -4.4,  2.2,  9.4,  19.2,  26.8,  19.4,  10.3,  2.3,  -5.0,  -13.6,  -16.4,  -4.7,  2.1,  9.3,  22.6,  9.6,  2.1,  -5.0,  3.9,  25.8,  47.4,  67.3,  83.9,  97.0,  104.6,  108.5,  110.2,  111.3,  110.3,  103.9,  91.1,  71.8,  48.5,  24.2,  0.4,  -16.4,  -26.4,  -30.0,  -29.3,  -26.8,  -27.4,  -30.7,  -31.3,  -27.4,  -18.6,  -10.3,  0.3,  10.4,  20.4,  31.3,  33.0,  34.4,  32.8,  31.4,  -4.1,  -9.1,  -9.5,  -4.9,  -2.6,  -2.2,  -5.3,  -10.3,  -9.8,  -5.5,  -3.2,  -3.3,  62.4,  49.2,  44.1,  45.3,  43.9,  50.0,  61.2,  68.3,  70.4,  70.9,  70.6,  68.0,  61.1,  51.9,  51.8,  51.5,  60.3,  61.2,  61.7,  61.3,  394.3,  391.9,  390.8,  387.7,  380.4,  370.2,  355.9,  341.9,  338.1,  344.0,  357.9,  369.5,  377.4,  380.7,  380.8,  381.2,  383.8,  364.9,  361.2,  356.5,  351.4,  346.1,  343.6,  347.7,  351.1,  353.8,  356.4,  340.1,  333.4,  326.5,  319.9,  331.1,  328.6,  326.4,  327.7,  329.4,  357.1,  354.8,  353.5,  351.2,  351.6,  353.3,  348.5,  348.3,  348.9,  350.7,  347.6,  347.0,  339.3,  328.5,  324.2,  322.1,  322.0,  327.2,  334.7,  326.5,  322.1,  322.3,  324.1,  329.1,  336.9,  325.5,  323.5,  323.1,  332.8,  324.7,  324.9,  326.9,  2.524,  -0.095,  0.045,  0.012,  647.728,  443.645,  -25.403,  -5.601,  -11.705,  -0.688,  -8.489,  -10.895,  6.994,  2.771,  4.192,  -12.409,  -7.908,  -7.108,  9.096,  -1.670,  4.039,  2.688,  3.151,  0.293,  -2.079,  -3.313,  -1.455,  1.417,  1.213,  -1.886,  0.165,  1.715,  0.069,  0.208,  0.079,  -0.436,  0.687,  -0.980,  -0.107,  0.446, 0.15, 0.40, 0.00, 0.03, 0.00, 0.41, 0.00, 0.02, 0.00, 0.00, 0.00, 0.12, 0.00, 0.00, 2.28, 1.65, 0.10, 0.00, 1.00, 0.00, 1.00, 0.00, 0.00, 0.00, 0.00, 0.00, 0.00, 0.00, 0.00, 0.00, 0.00, 1.00, 1.00, 0.00, 0.00
37,  0,  1.201,  0.98,  1,  0.056352,  -0.068449,  -0.996062,  -0.145060,  -0.005707,  -0.989406,  -0.045,  -0.037,  551.9,  556.9,  568.8,  580.6,  585.4,  581.2,  568.4,  556.6,  539.2,  545.7,  555.3,  567.8,  580.6,  590.1,  596.5,  589.0,  577.9,  565.6,  554.7,  545.6,  563.1,  568.7,  574.3,  576.7,  574.5,  568.9,  563.3,  560.9,  708.7,  712.8,  725.2,  738.4,  744.9,  740.7,  728.4,  714.2,  699.6,  706.5,  716.6,  729.9,  742.3,  751.8,  758.6,  752.1,  743.5,  732.7,  720.1,  708.5,  720.4,  727.3,  733.6,  735.8,  732.5,  725.6,  719.2,  717.1,  342.7,  331.3,  326.5,  331.0,  342.2,  354.6,  358.4,  353.9,  350.2,  342.9,  338.3,  335.6,  337.1,  341.6,  348.3,  351.9,  353.0,  354.0,  354.1,  353.2,  348.7,  350.8,  348.5,  343.2,  337.8,  335.7,  338.0,  343.4,  343.0,  330.4,  324.7,  329.3,  341.5,  354.2,  359.9,  356.4,  348.9,  341.1,  336.2,  334.5,  336.8,  341.2,  347.8,  350.2,  351.2,  351.5,  351.3,  351.0,  349.9,  352.3,  349.3,  342.8,  336.4,  334.0,  337.0,  343.5,  -32.3,  -30.6,  -26.2,  -21.8,  -20.0,  -21.4,  -26.0,  -30.4,  -37.3,  -34.7,  -31.0,  -26.4,  -21.7,  -18.3,  -16.0,  -18.6,  -22.6,  -27.0,  -31.1,  -34.7,  -28.2,  -26.1,  -24.0,  -23.2,  -24.1,  -26.2,  -28.2,  -29.1,  23.7,  25.3,  29.7,  34.4,  36.5,  34.8,  30.4,  25.5,  20.6,  23.0,  26.4,  31.1,  35.5,  39.1,  41.7,  39.1,  35.8,  31.8,  27.5,  23.6,  27.8,  30.2,  32.5,  33.4,  32.3,  29.9,  27.6,  26.7,  -6.4,  -10.6,  -12.4,  -10.7,  -6.5,  -2.0,  -0.6,  -2.2,  -3.6,  -6.3,  -8.0,  -8.9,  -8.4,  -6.7,  -4.3,  -2.9,  -2.5,  -2.2,  -2.1,  -2.5,  -4.1,  -3.4,  -4.2,  -6.2,  -8.1,  -8.9,  -8.1,  -6.1,  -5.9,  -10.3,  -12.3,  -10.7,  -6.4,  -2.0,  -0.1,  -1.2,  -3.8,  -6.5,  -8.2,  -8.8,  -8.0,  -6.6,  -4.3,  -3.4,  -3.1,  -2.9,  -3.0,  -3.1,  -3.5,  -2.7,  -3.7,  -6.0,  -8.2,  -9.1,  -8.0,  -5.7,  320.9,  322.2,  322.5,  321.5,  319.8,  318.6,  318.3,  319.2,  324.1,  322.3,  320.5,  319.7,  319.9,  320.5,  321.3,  319.4,  317.8,  317.6,  319.1,  321.5,  320.6,  320.2,  320.3,  320.9,  321.7,  322.1,  322.0,  321.4,  302.4,  304.1,  305.4,  305.5,  304.3,  302.6,  301.4,  301.4,  302.7,  302.3,  302.1,  302.4,  303.7,  305.9,  307.8,  305.2,  302.6,  300.6,  300.4,  301.4,  303.1,  303.1,  303.8,  304.7,  305.3,  305.2,  304.6,  303.7,  2.8,  31.1,  339.7,  -0.221,  0.041,  0.015,  465.0,  466.1,  472.3,  482.5,  499.3,  525.7,  559.0,  599.8,  646.3,  691.7,  732.2,  767.8,  796.6,  814.7,  824.0,  831.4,  835.9,  499.7,  519.3,  547.9,  578.4,  606.9,  688.7,  721.6,  752.3,  780.9,  800.4,  647.4,  647.3,  647.0,  646.6,  611.4,  628.8,  646.5,  664.8,  681.7,  536.1,  556.0,  579.4,  598.6,  578.5,  555.6,  698.0,  717.3,  741.0,  760.0,  742.7,  719.8,  583.5,  604.0,  627.8,  645.6,  665.0,  691.2,  711.9,  691.8,  667.1,  645.7,  626.1,  603.2,  595.2,  627.1,  645.3,  664.9,  701.0,  665.2,  645.1,  626.4,  369.5,  418.0,  465.8,  510.8,  551.1,  586.3,  612.7,  632.2,  639.5,  637.9,  625.4,  602.6,  568.2,  522.6,  470.3,  416.0,  362.9,  321.4,  297.0,  287.1,  287.8,  293.1,  291.2,  283.6,  283.1,  293.1,  315.4,  334.0,  361.4,  388.4,  416.6,  443.2,  448.6,  452.9,  448.3,  444.0,  350.3,  337.9,  337.0,  348.4,  353.9,  354.9,  347.6,  335.0,  336.1,  347.2,  352.7,  352.4,  518.7,  491.4,  480.4,  484.4,  480.7,  494.1,  518.3,  538.5,  545.6,  546.7,  544.8,  536.3,  516.9,  500.1,  500.9,  500.1,  517.0,  520.3,  521.4,  519.7,  -79.6,  -78.6,  -75.5,  -70.3,  -61.6,  -48.7,  -33.2,  -15.8,  2.5,  20.4,  37.9,  54.3,  68.0,  76.4,  80.5,  83.8,  86.5,  -58.9,  -50.1,  -37.7,  -24.8,  -13.1,  19.2,  32.5,  45.2,  57.2,  65.6,  2.9,  2.8,  2.6,  2.4,  -10.9,  -4.2,  2.4,  9.3,  15.8,  -42.6,  -34.3,  -24.6,  -16.7,  -24.8,  -34.2,  23.2,  30.9,  40.5,  48.3,  41.0,  31.8,  -22.1,  -13.6,  -4.5,  2.1,  9.3,  19.3,  27.7,  19.4,  10.0,  2.1,  -5.2,  -13.9,  -17.4,  -4.8,  2.0,  9.2,  23.4,  9.4,  1.9,  -5.1,  4.3,  26.2,  47.6,  67.3,  83.7,  96.4,  103.4,  106.8,  108.3,  109.6,  109.1,  103.1,  90.4,  71.1,  48.3,  24.5,  1.3,  -16.2,  -26.2,  -29.9,  -29.1,  -26.5,  -27.1,  -30.4,  -31.0,  -27.2,  -18.3,  -10.1,  0.5,  10.7,  20.8,  31.7,  33.4,  34.8,  33.2,  31.8,  -4.0,  -9.0,  -9.3,  -4.7,  -2.5,  -2.1,  -5.0,  -10.0,  -9.6,  -5.1,  -2.9,  -3.0,  62.1,  49.7,  44.9,  46.1,  44.7,  50.5,  61.1,  67.0,  68.6,  69.0,  68.7,  66.7,  61.0,  52.4,  52.4,  52.0,  60.2,  59.7,  60.1,  59.9,  398.3,  395.5,  393.9,  390.5,  383.2,  372.8,  358.1,  343.4,  339.1,  345.1,  359.8,  371.8,  379.8,  382.8,  382.8,  383.2,  386.2,  367.5,  363.3,  358.3,  352.9,  347.1,  344.5,  348.8,  352.3,  355.1,  358.0,  341.5,  334.8,  327.8,  321.1,  332.9,  330.2,  327.9,  329.2,  330.9,  359.2,  356.8,  355.4,  353.2,  353.4,  355.1,  350.2,  350.0,  350.6,  352.3,  349.2,  348.7,  342.3,  331.0,  326.4,  324.2,  324.1,  329.5,  337.7,  328.3,  323.2,  323.3,  325.2,  331.0,  339.9,  327.4,  325.5,  325.1,  335.6,  325.9,  326.0,  328.2,  2.510,  -0.094,  0.051,  0.013,  647.711,  442.815,  -20.383,  -4.945,  -12.215,  -4.750,  -7.416,  -7.593,  3.965,  2.592,  3.700,  -9.909,  -8.324,  -6.639,  7.674,  -1.843,  3.580,  3.040,  3.852,  0.231,  -1.968,  -3.128,  -0.731,  1.286,  1.538,  -1.746,  0.302,  1.628,  -0.352,  0.134,  0.016,  -0.426,  0.718,  -0.991,  -0.092,  0.386, 0.08, 0.19, 0.00, 0.03, 0.00, 0.28, 0.00, 0.04, 0.00, 0.00, 0.00, 0.36, 0.03, 0.00, 1.84, 1.12, 0.05, 0.00, 1.00, 0.00, 1.00, 0.00, 0.00, 0.00, 0.00, 0.00, 0.00, 0.00, 0.00, 0.00, 0.00, 1.00, 1.00, 0.00, 0.00
38,  0,  1.235,  0.98,  1,  0.059112,  -0.072348,  -0.995626,  -0.151127,  -0.004787,  -0.988503,  -0.046,  -0.039,  552.0,  557.2,  569.1,  580.9,  585.6,  581.3,  568.5,  556.7,  539.6,  546.1,  555.6,  568.0,  580.6,  590.1,  596.4,  589.0,  578.0,  565.8,  555.0,  545.9,  563.2,  568.8,  574.5,  576.9,  574.7,  569.1,  563.5,  561.0,  708.8,  713.1,  725.4,  738.6,  744.9,  740.7,  728.4,  714.2,  699.6,  706.9,  717.1,  730.3,  742.6,  751.9,  758.6,  752.3,  743.8,  733.0,  720.4,  708.7,  720.4,  727.2,  733.6,  735.8,  732.5,  725.7,  719.3,  717.2,  342.8,  331.6,  326.9,  331.6,  342.8,  355.1,  358.7,  354.1,  350.4,  343.4,  338.9,  336.3,  337.7,  342.1,  348.6,  352.3,  353.5,  354.5,  354.6,  353.5,  349.0,  351.2,  349.0,  343.7,  338.3,  336.1,  338.4,  343.7,  343.6,  330.9,  325.4,  330.2,  342.6,  355.3,  360.8,  357.1,  349.5,  341.8,  337.0,  335.2,  337.5,  341.9,  348.4,  350.8,  351.7,  352.1,  351.9,  351.6,  350.6,  353.1,  350.2,  343.7,  337.3,  334.8,  337.7,  344.2,  -32.5,  -30.7,  -26.3,  -21.9,  -20.0,  -21.5,  -26.2,  -30.6,  -37.4,  -34.8,  -31.1,  -26.5,  -21.9,  -18.4,  -16.1,  -18.8,  -22.7,  -27.1,  -31.2,  -34.8,  -28.3,  -26.2,  -24.1,  -23.3,  -24.2,  -26.3,  -28.4,  -29.2,  23.7,  25.3,  29.7,  34.3,  36.4,  34.7,  30.3,  25.5,  20.5,  23.0,  26.5,  31.1,  35.5,  39.0,  41.6,  39.1,  35.8,  31.9,  27.5,  23.6,  27.8,  30.1,  32.4,  33.2,  32.2,  29.8,  27.5,  26.7,  -6.3,  -10.5,  -12.3,  -10.5,  -6.3,  -1.8,  -0.5,  -2.2,  -3.6,  -6.2,  -7.8,  -8.7,  -8.2,  -6.6,  -4.2,  -2.8,  -2.4,  -2.0,  -2.0,  -2.4,  -4.0,  -3.2,  -4.0,  -6.0,  -8.0,  -8.8,  -8.0,  -6.0,  -5.7,  -10.1,  -12.0,  -10.4,  -6.0,  -1.6,  0.3,  -1.0,  -3.6,  -6.3,  -7.9,  -8.5,  -7.8,  -6.3,  -4.1,  -3.2,  -2.8,  -2.7,  -2.8,  -2.9,  -3.3,  -2.4,  -3.4,  -5.7,  -7.9,  -8.8,  -7.7,  -5.5,  323.0,  324.4,  324.8,  323.8,  322.2,  320.9,  320.5,  321.4,  326.0,  324.4,  322.7,  321.9,  322.2,  322.9,  323.7,  321.8,  320.1,  319.8,  321.3,  323.6,  322.8,  322.4,  322.5,  323.2,  324.0,  324.4,  324.3,  323.6,  301.2,  302.9,  304.2,  304.5,  303.4,  301.8,  300.4,  300.3,  301.4,  301.0,  301.0,  301.4,  302.9,  305.2,  307.3,  304.5,  301.8,  299.7,  299.4,  300.2,  302.0,  302.1,  302.8,  303.7,  304.3,  304.1,  303.4,  302.5,  2.8,  31.0,  341.0,  -0.223,  0.042,  0.016,  465.3,  466.3,  472.2,  481.9,  498.6,  524.9,  558.1,  598.3,  644.9,  690.9,  732.5,  768.8,  797.8,  815.6,  824.6,  831.7,  836.1,  499.8,  519.5,  548.0,  578.5,  607.1,  689.3,  722.0,  752.7,  781.2,  800.6,  647.9,  647.6,  647.1,  646.5,  611.0,  628.5,  646.3,  664.8,  681.7,  536.3,  556.3,  579.6,  598.6,  578.6,  555.8,  698.3,  717.6,  741.2,  760.2,  742.8,  720.0,  581.7,  603.0,  626.9,  645.0,  665.1,  691.4,  712.7,  691.6,  666.5,  644.5,  624.6,  601.7,  593.1,  626.0,  644.6,  664.9,  701.9,  665.0,  644.2,  625.2,  370.1,  418.3,  465.9,  510.7,  550.4,  584.4,  609.1,  627.3,  634.3,  633.1,  621.2,  599.3,  565.8,  521.0,  469.8,  416.5,  364.5,  321.9,  297.8,  287.8,  288.5,  293.8,  292.0,  284.4,  283.7,  293.6,  315.8,  334.7,  362.3,  389.5,  417.7,  443.6,  449.1,  453.5,  449.0,  444.6,  350.6,  338.5,  337.6,  349.0,  354.1,  355.0,  348.3,  335.8,  336.8,  347.9,  353.3,  352.9,  516.4,  490.9,  480.6,  484.7,  481.0,  493.9,  516.7,  535.0,  541.4,  542.4,  540.5,  532.5,  514.8,  499.8,  500.8,  499.9,  515.5,  516.9,  517.9,  516.2,  -80.0,  -78.9,  -75.9,  -70.9,  -62.3,  -49.3,  -33.7,  -16.4,  1.9,  20.1,  38.2,  55.0,  68.9,  77.3,  81.3,  84.5,  87.2,  -59.2,  -50.3,  -37.9,  -24.9,  -13.1,  19.5,  32.8,  45.6,  57.6,  66.0,  3.1,  2.9,  2.7,  2.4,  -11.1,  -4.4,  2.4,  9.4,  15.8,  -42.7,  -34.3,  -24.6,  -16.8,  -24.9,  -34.3,  23.4,  31.2,  40.7,  48.6,  41.2,  32.0,  -23.0,  -14.1,  -4.9,  1.9,  9.4,  19.5,  28.2,  19.4,  9.8,  1.7,  -5.8,  -14.6,  -18.3,  -5.2,  1.7,  9.3,  23.9,  9.3,  1.6,  -5.6,  4.6,  26.5,  47.9,  67.6,  83.9,  96.2,  102.4,  105.2,  106.6,  108.0,  107.8,  102.2,  89.8,  70.8,  48.3,  24.9,  2.0,  -16.1,  -26.0,  -29.7,  -29.0,  -26.4,  -26.9,  -30.3,  -30.8,  -27.1,  -18.2,  -9.9,  0.9,  11.1,  21.3,  32.0,  33.8,  35.2,  33.6,  32.1,  -3.9,  -8.8,  -9.1,  -4.5,  -2.4,  -2.0,  -4.7,  -9.7,  -9.3,  -4.9,  -2.7,  -2.8,  61.6,  49.8,  45.2,  46.5,  45.1,  50.7,  60.8,  66.0,  67.2,  67.6,  67.3,  65.6,  60.5,  52.6,  52.6,  52.3,  60.0,  58.7,  59.0,  58.8,  400.8,  397.8,  396.0,  392.6,  385.4,  374.9,  359.6,  344.4,  339.9,  346.0,  361.2,  373.7,  381.9,  385.1,  385.2,  385.7,  389.1,  369.6,  365.2,  360.2,  354.5,  348.4,  346.0,  350.3,  353.9,  356.8,  359.7,  343.0,  336.3,  329.2,  322.5,  334.5,  331.7,  329.2,  330.6,  332.3,  360.7,  358.2,  356.8,  354.7,  354.7,  356.4,  351.8,  351.5,  352.1,  353.8,  350.7,  350.2,  344.3,  333.0,  328.1,  325.9,  325.9,  331.5,  339.7,  329.8,  324.3,  324.3,  326.3,  332.6,  341.8,  329.0,  327.0,  326.8,  337.6,  327.1,  327.1,  329.4,  2.498,  -0.096,  0.051,  0.015,  647.551,  442.104,  -16.588,  -5.086,  -12.716,  -8.164,  -6.517,  -5.474,  1.874,  1.962,  2.617,  -7.687,  -8.090,  -6.007,  8.287,  -1.131,  3.389,  3.474,  3.984,  0.066,  -2.408,  -3.455,  -0.523,  1.358,  1.698,  -1.585,  0.870,  1.866,  -0.196,  0.022,  0.017,  -0.428,  0.651,  -0.915,  -0.131,  0.409, 0.04, 0.15, 0.00, 0.07, 0.00, 0.35, 0.01, 0.05, 0.00, 0.00, 0.05, 0.52, 0.03, 0.00, 1.38, 0.53, 0.00, 0.00, 0.00, 0.00, 1.00, 0.00, 0.00, 0.00, 0.00, 0.00, 0.00, 0.00, 0.00, 0.00, 0.00, 1.00, 0.00, 0.00, 0.00
39,  0,  1.268,  0.98,  1,  0.061343,  -0.042288,  -0.997221,  -0.159198,  -0.002363,  -0.987244,  -0.049,  -0.022,  552.5,  557.6,  569.5,  581.4,  586.2,  582.0,  569.2,  557.3,  540.1,  546.5,  556.0,  568.4,  581.2,  590.6,  596.9,  589.4,  578.6,  566.4,  555.6,  546.6,  563.6,  569.5,  575.4,  577.9,  575.5,  569.6,  563.7,  561.2,  709.3,  714.0,  726.5,  739.4,  745.2,  740.5,  728.0,  714.1,  700.5,  707.5,  717.5,  730.7,  743.1,  752.5,  759.2,  752.8,  744.1,  733.3,  720.8,  709.4,  720.6,  727.4,  733.9,  736.3,  733.3,  726.5,  720.0,  717.6,  344.0,  332.3,  327.4,  332.2,  343.9,  356.6,  360.5,  355.7,  350.5,  343.6,  339.3,  336.7,  338.1,  342.4,  349.2,  352.6,  353.9,  354.8,  354.7,  353.5,  350.4,  352.8,  350.4,  344.5,  338.7,  336.3,  338.8,  344.6,  344.0,  331.6,  326.4,  331.5,  343.8,  356.3,  361.5,  357.5,  349.8,  342.3,  337.7,  336.1,  338.4,  342.8,  349.4,  351.7,  352.6,  352.9,  352.6,  352.0,  351.2,  353.9,  351.2,  344.7,  338.2,  335.6,  338.3,  344.8,  -32.3,  -30.5,  -26.1,  -21.7,  -19.8,  -21.3,  -26.0,  -30.4,  -37.3,  -34.7,  -31.0,  -26.3,  -21.7,  -18.2,  -15.9,  -18.6,  -22.5,  -27.0,  -31.1,  -34.6,  -28.2,  -26.0,  -23.8,  -22.9,  -23.9,  -26.1,  -28.3,  -29.2,  24.2,  26.0,  30.4,  35.0,  36.9,  35.1,  30.6,  25.8,  21.1,  23.5,  27.0,  31.6,  36.1,  39.7,  42.3,  39.7,  36.4,  32.4,  28.0,  24.1,  28.2,  30.5,  32.9,  33.8,  32.8,  30.4,  28.1,  27.2,  -5.9,  -10.3,  -12.1,  -10.3,  -5.9,  -1.2,  0.2,  -1.6,  -3.6,  -6.1,  -7.6,  -8.6,  -8.1,  -6.5,  -4.0,  -2.7,  -2.2,  -1.9,  -2.0,  -2.4,  -3.5,  -2.7,  -3.6,  -5.7,  -7.9,  -8.8,  -7.9,  -5.7,  -5.6,  -10.0,  -11.8,  -10.0,  -5.7,  -1.3,  0.5,  -0.9,  -3.6,  -6.2,  -7.8,  -8.3,  -7.6,  -6.1,  -3.8,  -2.9,  -2.6,  -2.5,  -2.6,  -2.8,  -3.1,  -2.1,  -3.1,  -5.4,  -7.7,  -8.6,  -7.6,  -5.3,  323.3,  324.1,  324.2,  323.5,  322.3,  321.7,  321.4,  322.2,  326.7,  324.7,  322.8,  321.9,  322.2,  323.0,  324.0,  322.3,  320.9,  320.7,  322.1,  324.4,  323.3,  322.9,  323.0,  323.4,  324.0,  324.4,  324.3,  323.9,  305.3,  306.9,  308.0,  308.0,  306.9,  305.4,  304.3,  304.4,  305.7,  305.2,  305.0,  305.3,  306.5,  308.7,  310.8,  308.1,  305.5,  303.6,  303.4,  304.3,  305.9,  306.0,  306.6,  307.4,  308.0,  307.9,  307.3,  306.5,  2.8,  31.0,  342.0,  -0.222,  0.041,  0.019,  465.7,  466.6,  472.1,  481.4,  497.8,  523.9,  556.8,  596.3,  642.9,  689.5,  731.8,  769.0,  798.2,  816.1,  824.9,  832.0,  836.4,  500.0,  519.9,  548.4,  578.7,  607.4,  690.3,  722.9,  753.3,  781.7,  801.1,  648.7,  648.3,  647.6,  646.8,  611.2,  628.6,  646.4,  664.9,  681.8,  536.8,  556.9,  580.1,  599.0,  579.0,  556.3,  698.9,  718.2,  741.7,  760.8,  743.2,  720.5,  580.4,  602.9,  627.3,  645.0,  664.7,  691.0,  713.2,  690.9,  665.4,  643.9,  624.4,  601.2,  591.7,  626.3,  644.5,  664.4,  702.5,  664.2,  643.9,  625.3,  370.7,  418.7,  466.2,  510.8,  550.2,  583.3,  606.8,  624.3,  631.3,  630.4,  619.0,  597.4,  564.2,  519.6,  469.2,  417.0,  365.9,  321.8,  298.3,  288.3,  289.0,  294.1,  292.7,  285.4,  284.8,  294.3,  315.9,  335.2,  362.8,  390.1,  418.3,  443.8,  449.4,  454.0,  449.6,  445.3,  350.8,  338.8,  338.1,  349.4,  354.3,  355.2,  349.0,  336.6,  337.7,  348.8,  354.0,  353.6,  514.9,  491.0,  481.2,  485.4,  481.7,  494.2,  515.6,  533.3,  539.3,  540.1,  538.3,  530.7,  513.6,  500.3,  501.3,  500.5,  514.7,  514.9,  515.7,  514.1,  -80.1,  -79.1,  -76.2,  -71.4,  -62.9,  -50.0,  -34.3,  -17.3,  1.1,  19.6,  38.0,  55.3,  69.4,  77.8,  81.7,  85.0,  87.8,  -59.3,  -50.3,  -37.8,  -24.9,  -13.0,  20.0,  33.3,  46.0,  57.9,  66.4,  3.4,  3.2,  2.9,  2.5,  -11.1,  -4.3,  2.4,  9.4,  15.9,  -42.7,  -34.1,  -24.5,  -16.7,  -24.8,  -34.2,  23.7,  31.5,  41.1,  49.0,  41.5,  32.3,  -23.6,  -14.2,  -4.8,  1.9,  9.2,  19.4,  28.6,  19.3,  9.4,  1.5,  -5.8,  -14.8,  -19.0,  -5.2,  1.7,  9.2,  24.2,  9.1,  1.5,  -5.5,  4.9,  26.8,  48.2,  67.9,  84.1,  96.1,  101.8,  104.4,  105.8,  107.2,  107.3,  101.8,  89.5,  70.5,  48.3,  25.2,  2.6,  -16.2,  -25.9,  -29.6,  -28.9,  -26.3,  -26.7,  -30.0,  -30.5,  -26.9,  -18.2,  -9.8,  1.1,  11.3,  21.5,  32.1,  34.0,  35.5,  34.0,  32.5,  -3.8,  -8.7,  -9.0,  -4.3,  -2.3,  -2.0,  -4.4,  -9.4,  -9.0,  -4.5,  -2.4,  -2.6,  61.3,  50.1,  45.6,  46.9,  45.5,  51.1,  60.7,  65.6,  66.6,  66.9,  66.7,  65.2,  60.3,  53.0,  53.0,  52.7,  60.0,  58.1,  58.4,  58.2,  402.3,  399.1,  397.2,  393.8,  386.9,  376.4,  361.1,  345.7,  341.0,  347.0,  362.6,  375.2,  383.5,  386.5,  386.7,  387.4,  391.0,  370.9,  366.4,  361.4,  355.6,  349.2,  347.1,  351.4,  355.1,  357.9,  360.6,  344.0,  337.3,  330.1,  323.3,  335.4,  332.5,  330.2,  331.5,  333.3,  361.8,  359.0,  357.6,  355.6,  355.5,  357.2,  352.9,  352.6,  353.1,  354.9,  351.7,  351.3,  346.1,  334.8,  329.4,  327.3,  327.3,  333.0,  341.6,  331.1,  325.1,  325.1,  327.2,  334.0,  343.6,  330.4,  328.4,  328.1,  339.4,  327.9,  328.0,  330.3,  2.490,  -0.094,  0.050,  0.018,  647.559,  441.839,  -14.690,  -5.236,  -12.809,  -10.322,  -5.664,  -4.110,  0.166,  1.086,  1.759,  -6.320,  -7.712,  -4.896,  8.588,  -1.562,  3.275,  3.197,  4.612,  -0.328,  -2.737,  -3.316,  0.243,  0.881,  2.035,  -1.023,  0.814,  1.928,  -0.275,  -0.165,  0.063,  -0.447,  0.569,  -0.892,  -0.120,  0.386, 0.04, 0.09, 0.00, 0.04, 0.00, 0.58, 0.02, 0.05, 0.00, 0.00, 0.11, 0.57, 0.03, 0.00, 1.08, 0.16, 0.00, 0.00, 0.00, 0.00, 1.00, 0.00, 0.00, 0.00, 0.00, 0.00, 0.00, 0.00, 0.00, 0.00, 0.00, 0.00, 0.00, 0.00, 0.00
40,  0,  1.301,  0.98,  1,  0.071004,  -0.044268,  -0.996493,  -0.162663,  0.004762,  -0.986670,  -0.046,  -0.020,  553.0,  558.3,  570.4,  582.3,  587.0,  582.6,  569.6,  557.7,  540.4,  547.0,  556.5,  568.9,  581.7,  591.1,  597.4,  589.8,  578.9,  566.6,  555.9,  546.9,  564.1,  570.0,  576.0,  578.6,  576.3,  570.4,  564.3,  561.7,  709.8,  714.6,  727.0,  739.8,  745.5,  740.7,  728.2,  714.5,  701.1,  708.1,  718.1,  731.3,  743.6,  752.9,  759.4,  753.0,  744.5,  733.7,  721.3,  709.9,  721.0,  727.7,  734.1,  736.5,  733.6,  727.0,  720.5,  718.1,  344.0,  332.4,  327.7,  332.7,  344.3,  357.0,  360.6,  355.7,  350.6,  343.8,  339.5,  337.1,  338.5,  342.8,  349.6,  353.0,  354.2,  355.0,  354.9,  353.7,  350.7,  353.1,  350.7,  344.9,  339.1,  336.7,  339.0,  344.8,  344.7,  332.1,  326.8,  332.0,  344.6,  357.2,  362.5,  358.4,  350.3,  342.8,  338.2,  336.7,  339.0,  343.2,  349.7,  352.0,  353.1,  353.6,  353.2,  352.5,  351.8,  354.5,  351.8,  345.2,  338.7,  336.1,  338.8,  345.3,  -32.0,  -30.1,  -25.7,  -21.3,  -19.5,  -21.0,  -25.7,  -30.1,  -37.0,  -34.4,  -30.7,  -26.0,  -21.4,  -18.0,  -15.7,  -18.4,  -22.3,  -26.7,  -30.8,  -34.4,  -27.9,  -25.7,  -23.5,  -22.6,  -23.5,  -25.7,  -27.9,  -28.9,  24.5,  26.3,  30.8,  35.3,  37.2,  35.4,  30.9,  26.1,  21.5,  23.9,  27.3,  32.0,  36.5,  40.1,  42.7,  40.0,  36.7,  32.7,  28.4,  24.5,  28.5,  30.8,  33.2,  34.1,  33.1,  30.8,  28.4,  27.5,  -5.9,  -10.2,  -11.9,  -10.1,  -5.7,  -1.1,  0.2,  -1.6,  -3.5,  -6.0,  -7.5,  -8.4,  -7.9,  -6.3,  -3.8,  -2.5,  -2.1,  -1.8,  -1.9,  -2.3,  -3.4,  -2.5,  -3.4,  -5.5,  -7.7,  -8.6,  -7.7,  -5.6,  -5.4,  -9.8,  -11.7,  -9.9,  -5.4,  -1.0,  0.9,  -0.6,  -3.4,  -6.0,  -7.6,  -8.2,  -7.4,  -6.0,  -3.7,  -2.8,  -2.4,  -2.2,  -2.4,  -2.6,  -2.9,  -1.9,  -2.9,  -5.2,  -7.5,  -8.5,  -7.5,  -5.2,  321.9,  323.0,  323.1,  322.3,  321.0,  320.1,  319.7,  320.6,  325.1,  323.3,  321.5,  320.7,  320.9,  321.6,  322.5,  320.8,  319.2,  319.0,  320.5,  322.8,  321.8,  321.4,  321.5,  322.0,  322.7,  323.1,  323.0,  322.5,  307.0,  308.3,  309.3,  309.5,  308.7,  307.5,  306.4,  306.4,  307.4,  306.8,  306.5,  306.8,  308.2,  310.5,  312.6,  310.1,  307.4,  305.5,  305.3,  306.2,  307.9,  308.0,  308.5,  309.2,  309.6,  309.5,  309.0,  308.3,  2.9,  31.2,  342.9,  -0.219,  0.041,  0.021,  465.9,  466.8,  472.2,  481.2,  497.3,  523.2,  556.2,  595.6,  642.2,  689.1,  731.7,  769.1,  798.5,  816.5,  825.4,  832.5,  837.1,  500.2,  520.5,  549.0,  579.4,  608.2,  690.8,  723.5,  753.8,  782.2,  801.6,  649.3,  648.9,  648.1,  647.3,  611.5,  629.0,  646.7,  665.1,  682.0,  537.2,  557.4,  580.6,  599.3,  579.3,  556.7,  699.5,  718.7,  742.2,  761.2,  743.5,  721.0,  580.3,  602.9,  627.2,  645.1,  665.1,  691.3,  713.2,  691.0,  665.6,  643.9,  624.1,  601.0,  591.5,  626.1,  644.6,  664.8,  702.6,  664.6,  643.9,  625.1,  371.7,  419.4,  466.5,  510.8,  549.7,  582.6,  605.9,  623.4,  630.4,  629.5,  617.9,  596.2,  563.0,  518.7,  468.7,  416.9,  366.2,  321.8,  298.6,  288.9,  289.6,  294.7,  293.5,  286.2,  285.6,  295.1,  316.4,  335.9,  363.5,  390.7,  418.9,  444.4,  450.0,  454.7,  450.3,  446.0,  351.0,  339.1,  338.3,  349.8,  354.6,  355.4,  349.6,  337.1,  338.2,  349.3,  354.5,  354.1,  515.0,  491.5,  482.1,  486.3,  482.7,  495.0,  516.0,  533.2,  539.2,  540.0,  538.1,  530.5,  513.8,  500.9,  502.1,  501.3,  515.1,  515.0,  515.9,  514.2,  -80.2,  -79.1,  -76.3,  -71.6,  -63.2,  -50.3,  -34.7,  -17.6,  0.9,  19.5,  38.1,  55.5,  69.6,  78.1,  82.1,  85.4,  88.3,  -59.3,  -50.1,  -37.6,  -24.6,  -12.7,  20.2,  33.6,  46.3,  58.2,  66.7,  3.7,  3.4,  3.1,  2.7,  -10.9,  -4.2,  2.5,  9.6,  16.0,  -42.6,  -34.0,  -24.3,  -16.6,  -24.7,  -34.1,  24.0,  31.8,  41.3,  49.3,  41.7,  32.6,  -23.7,  -14.2,  -4.8,  1.9,  9.4,  19.6,  28.6,  19.4,  9.6,  1.4,  -6.0,  -14.9,  -19.1,  -5.3,  1.7,  9.3,  24.3,  9.2,  1.5,  -5.6,  5.4,  27.1,  48.4,  68.0,  84.1,  96.0,  101.7,  104.3,  105.7,  107.1,  107.1,  101.5,  89.2,  70.3,  48.1,  25.3,  2.8,  -16.2,  -25.7,  -29.4,  -28.7,  -26.1,  -26.4,  -29.7,  -30.2,  -26.6,  -18.0,  -9.5,  1.3,  11.6,  21.8,  32.4,  34.3,  35.8,  34.3,  32.8,  -3.7,  -8.6,  -8.9,  -4.2,  -2.2,  -1.9,  -4.2,  -9.2,  -8.8,  -4.3,  -2.2,  -2.4,  61.5,  50.5,  46.1,  47.4,  46.0,  51.5,  61.1,  65.8,  66.8,  67.1,  66.9,  65.3,  60.5,  53.4,  53.5,  53.2,  60.3,  58.3,  58.6,  58.4,  402.8,  399.6,  397.9,  394.6,  387.7,  377.3,  362.0,  346.5,  341.8,  347.8,  363.4,  376.0,  384.3,  387.4,  387.6,  388.4,  392.0,  371.6,  366.9,  361.9,  356.0,  349.6,  347.7,  352.0,  355.6,  358.5,  361.3,  344.6,  338.0,  331.0,  324.3,  336.3,  333.5,  331.2,  332.5,  334.1,  362.4,  359.6,  358.2,  356.3,  356.1,  357.8,  353.6,  353.2,  353.8,  355.6,  352.4,  352.0,  346.9,  335.9,  330.6,  328.4,  328.4,  334.1,  342.4,  332.3,  326.4,  326.4,  328.5,  335.2,  344.5,  331.5,  329.5,  329.2,  340.3,  329.1,  329.1,  331.5,  2.484,  -0.090,  0.049,  0.019,  647.770,  442.074,  -15.072,  -5.549,  -13.324,  -11.589,  -4.820,  -3.937,  -0.227,  0.276,  2.130,  -5.282,  -7.099,  -4.977,  8.588,  -1.156,  3.429,  3.024,  4.528,  -0.527,  -2.827,  -3.562,  0.187,  0.940,  1.872,  -1.088,  0.851,  1.729,  -0.283,  -0.119,  0.020,  -0.397,  0.561,  -0.885,  -0.070,  0.364, 0.05, 0.19, 0.00, 0.04, 0.00, 0.61, 0.08, 0.04, 0.00, 0.00, 0.11, 0.47, 0.00, 0.00, 1.07, 0.00, 0.01, 0.00, 0.00, 0.00, 1.00, 0.00, 0.00, 0.00, 0.00, 0.00, 0.00, 0.00, 0.00, 0.00, 0.00, 0.00, 0.00, 0.00, 0.00
41,  0,  1.335,  0.98,  1,  0.057837,  -0.060472,  -0.996493,  -0.161034,  0.007390,  -0.986921,  -0.052,  -0.027,  553.4,  558.5,  570.4,  582.1,  586.7,  582.4,  569.7,  558.0,  541.0,  547.5,  557.0,  569.5,  582.2,  591.5,  597.5,  590.2,  579.3,  567.1,  556.3,  547.3,  564.6,  570.0,  575.6,  578.0,  575.8,  570.4,  564.8,  562.4,  710.5,  715.5,  727.9,  740.6,  746.0,  741.1,  728.6,  715.0,  701.9,  708.8,  718.6,  731.8,  744.1,  753.4,  760.1,  753.5,  744.8,  734.1,  721.7,  710.5,  721.6,  728.2,  734.7,  737.2,  734.4,  727.8,  721.3,  718.8,  343.7,  332.4,  327.7,  332.5,  343.9,  356.2,  359.8,  355.1,  350.8,  343.9,  339.6,  337.1,  338.6,  343.0,  349.7,  353.2,  354.3,  355.1,  355.1,  353.9,  349.8,  352.0,  349.8,  344.6,  339.3,  337.0,  339.2,  344.5,  344.8,  332.4,  327.3,  332.5,  345.0,  357.5,  362.6,  358.4,  350.3,  342.9,  338.4,  336.9,  339.2,  343.4,  349.9,  352.3,  353.5,  353.9,  353.5,  352.7,  352.0,  354.7,  352.1,  345.6,  339.1,  336.4,  339.0,  345.5,  -32.2,  -30.4,  -26.0,  -21.6,  -19.8,  -21.3,  -26.0,  -30.4,  -37.2,  -34.6,  -30.8,  -26.1,  -21.5,  -18.0,  -15.8,  -18.5,  -22.4,  -26.9,  -31.0,  -34.6,  -28.0,  -26.0,  -23.9,  -23.1,  -23.9,  -26.0,  -28.1,  -28.9,  25.0,  26.8,  31.4,  35.9,  37.7,  35.8,  31.3,  26.5,  22.0,  24.4,  27.8,  32.5,  37.0,  40.6,  43.2,  40.5,  37.1,  33.1,  28.8,  24.9,  29.0,  31.3,  33.7,  34.6,  33.7,  31.3,  29.0,  28.0,  -6.1,  -10.3,  -12.1,  -10.3,  -6.0,  -1.4,  -0.1,  -1.8,  -3.5,  -6.0,  -7.6,  -8.5,  -7.9,  -6.3,  -3.8,  -2.5,  -2.1,  -1.8,  -1.8,  -2.3,  -3.8,  -3.0,  -3.8,  -5.7,  -7.7,  -8.6,  -7.8,  -5.8,  -5.4,  -9.8,  -11.7,  -9.8,  -5.3,  -0.9,  0.9,  -0.6,  -3.4,  -6.1,  -7.6,  -8.2,  -7.4,  -5.9,  -3.6,  -2.7,  -2.3,  -2.1,  -2.3,  -2.6,  -2.8,  -1.9,  -2.8,  -5.1,  -7.5,  -8.4,  -7.5,  -5.1,  325.5,  326.7,  326.9,  326.1,  324.7,  323.6,  323.2,  324.0,  328.5,  326.8,  325.0,  324.2,  324.6,  325.4,  326.3,  324.5,  322.8,  322.5,  324.0,  326.2,  325.4,  325.0,  325.1,  325.7,  326.4,  326.8,  326.6,  326.1,  309.9,  311.1,  312.0,  312.0,  311.2,  310.0,  309.1,  309.2,  310.4,  309.7,  309.3,  309.5,  310.7,  312.9,  315.0,  312.5,  309.9,  308.1,  308.0,  309.0,  310.6,  310.6,  311.1,  311.7,  312.2,  312.2,  311.7,  311.0,  3.0,  31.4,  342.9,  -0.218,  0.042,  0.021,  466.4,  467.2,  472.5,  481.6,  498.0,  524.1,  557.0,  596.0,  642.2,  688.8,  731.4,  769.1,  798.8,  817.0,  826.0,  833.0,  837.4,  501.2,  521.0,  549.5,  580.0,  608.8,  691.7,  724.3,  754.7,  782.9,  801.8,  649.9,  649.5,  648.8,  647.9,  612.3,  629.6,  647.1,  665.4,  682.1,  537.8,  557.8,  581.0,  599.6,  579.8,  557.1,  700.2,  719.2,  742.7,  761.6,  744.0,  721.5,  581.3,  603.5,  627.6,  645.4,  665.3,  691.4,  712.7,  690.9,  665.5,  643.8,  624.1,  601.4,  592.5,  626.4,  644.8,  664.9,  702.1,  664.5,  644.0,  625.2,  372.6,  420.1,  467.2,  511.4,  550.2,  583.0,  606.4,  624.4,  631.7,  630.6,  618.3,  596.3,  563.0,  518.8,  468.8,  416.8,  366.0,  322.4,  298.9,  289.0,  289.7,  295.0,  293.9,  286.4,  285.9,  295.7,  317.4,  336.3,  363.9,  391.1,  419.2,  444.8,  450.5,  455.2,  451.0,  446.7,  351.1,  339.1,  338.4,  349.8,  354.8,  355.5,  349.7,  337.3,  338.4,  349.7,  354.9,  354.4,  515.8,  492.1,  482.5,  486.8,  483.2,  495.8,  517.3,  535.1,  541.1,  541.8,  539.7,  531.6,  514.5,  501.9,  503.1,  502.4,  516.3,  516.4,  517.1,  515.3,  -79.8,  -78.9,  -76.2,  -71.5,  -62.9,  -49.9,  -34.3,  -17.4,  0.9,  19.4,  38.0,  55.5,  69.7,  78.4,  82.4,  85.6,  88.3,  -58.9,  -49.9,  -37.4,  -24.4,  -12.5,  20.6,  33.9,  46.6,  58.5,  66.7,  3.9,  3.7,  3.3,  2.9,  -10.7,  -4.0,  2.7,  9.7,  16.1,  -42.3,  -33.8,  -24.1,  -16.4,  -24.5,  -33.9,  24.3,  32.0,  41.5,  49.4,  41.9,  32.8,  -23.3,  -14.0,  -4.7,  2.0,  9.5,  19.6,  28.4,  19.3,  9.5,  1.4,  -6.0,  -14.8,  -18.7,  -5.2,  1.8,  9.4,  24.1,  9.2,  1.5,  -5.6,  5.8,  27.4,  48.7,  68.3,  84.3,  96.1,  101.9,  104.7,  106.2,  107.7,  107.3,  101.5,  89.1,  70.3,  48.2,  25.2,  2.7,  -16.0,  -25.6,  -29.4,  -28.6,  -26.0,  -26.3,  -29.6,  -30.1,  -26.3,  -17.6,  -9.3,  1.5,  11.8,  22.0,  32.6,  34.5,  36.0,  34.6,  33.1,  -3.7,  -8.6,  -8.9,  -4.1,  -2.1,  -1.8,  -4.2,  -9.1,  -8.7,  -4.2,  -2.1,  -2.3,  61.7,  50.7,  46.3,  47.6,  46.2,  51.8,  61.5,  66.5,  67.6,  67.9,  67.5,  65.7,  60.8,  53.8,  53.9,  53.6,  60.7,  58.8,  59.1,  58.8,  402.2,  399.4,  398.0,  394.9,  387.7,  377.1,  361.7,  346.6,  342.1,  348.2,  363.5,  375.9,  384.2,  387.4,  387.5,  388.1,  391.4,  371.2,  366.7,  361.8,  356.1,  349.9,  348.1,  352.2,  355.6,  358.2,  360.8,  344.6,  338.0,  331.0,  324.3,  336.2,  333.5,  331.4,  332.6,  334.1,  362.1,  359.4,  358.0,  356.1,  356.0,  357.7,  353.5,  353.0,  353.5,  355.3,  352.2,  351.9,  346.6,  335.7,  330.5,  328.3,  328.3,  334.0,  342.1,  332.4,  326.8,  326.7,  328.8,  335.3,  344.1,  331.5,  329.5,  329.3,  340.1,  329.2,  329.3,  331.6,  2.484,  -0.088,  0.050,  0.020,  648.157,  442.669,  -16.343,  -5.277,  -13.940,  -11.073,  -4.794,  -4.571,  0.315,  -0.241,  2.469,  -5.403,  -6.742,  -5.314,  9.697,  -1.478,  3.299,  2.724,  4.403,  -0.699,  -2.359,  -3.725,  -0.320,  0.738,  2.256,  -0.963,  0.939,  1.592,  0.067,  -0.133,  0.103,  -0.465,  0.532,  -0.851,  -0.048,  0.448, 0.04, 0.20, 0.00, 0.00, 0.00, 0.45, 0.08, 0.05, 0.00, 0.00, 0.06, 0.48, 0.00, 0.00, 1.22, 0.09, 0.06, 0.00, 0.00, 0.00, 1.00, 0.00, 0.00, 0.00, 0.00, 0.00, 0.00, 0.00, 0.00, 0.00, 0.00, 0.00, 0.00, 0.00, 0.00
42,  0,  1.368,  0.98,  1,  0.050329,  -0.060667,  -0.996888,  -0.159614,  0.019791,  -0.986981,  -0.055,  -0.021,  553.7,  558.7,  570.5,  582.1,  586.7,  582.5,  569.9,  558.3,  541.3,  547.9,  557.5,  569.9,  582.6,  591.8,  597.9,  590.5,  579.6,  567.5,  556.7,  547.6,  564.9,  570.2,  575.6,  578.0,  575.8,  570.5,  565.1,  562.8,  711.1,  716.0,  728.4,  740.9,  746.3,  741.4,  729.1,  715.6,  702.1,  709.2,  719.1,  732.4,  744.8,  754.0,  760.3,  753.8,  745.3,  734.6,  722.2,  710.9,  722.1,  728.6,  734.9,  737.4,  734.6,  728.2,  721.8,  719.3,  343.9,  332.7,  328.0,  332.6,  343.8,  356.0,  359.6,  355.0,  351.1,  344.1,  339.7,  337.2,  338.8,  343.3,  349.9,  353.4,  354.4,  355.2,  355.3,  354.2,  349.8,  351.9,  349.7,  344.6,  339.5,  337.4,  339.5,  344.7,  345.5,  332.8,  327.6,  332.8,  345.5,  358.2,  363.4,  359.2,  350.7,  343.2,  338.7,  337.2,  339.6,  343.7,  350.1,  352.5,  353.8,  354.3,  353.8,  353.0,  352.4,  355.1,  352.4,  345.9,  339.4,  336.7,  339.4,  345.9,  -32.2,  -30.4,  -26.1,  -21.7,  -19.8,  -21.3,  -25.9,  -30.3,  -37.1,  -34.5,  -30.7,  -26.0,  -21.4,  -18.0,  -15.8,  -18.4,  -22.3,  -26.8,  -30.9,  -34.5,  -28.0,  -26.0,  -24.0,  -23.2,  -24.0,  -26.0,  -28.0,  -28.9,  25.1,  26.9,  31.4,  35.9,  37.7,  35.9,  31.4,  26.7,  22.0,  24.4,  27.9,  32.6,  37.1,  40.7,  43.3,  40.6,  37.3,  33.3,  28.9,  25.0,  29.1,  31.4,  33.7,  34.6,  33.7,  31.4,  29.1,  28.1,  -6.0,  -10.2,  -12.0,  -10.2,  -6.0,  -1.5,  -0.1,  -1.8,  -3.3,  -5.9,  -7.6,  -8.5,  -7.9,  -6.2,  -3.8,  -2.4,  -2.1,  -1.8,  -1.8,  -2.2,  -3.8,  -3.0,  -3.8,  -5.8,  -7.7,  -8.5,  -7.7,  -5.7,  -5.1,  -9.6,  -11.5,  -9.7,  -5.1,  -0.6,  1.2,  -0.3,  -3.3,  -5.9,  -7.5,  -8.0,  -7.2,  -5.8,  -3.5,  -2.7,  -2.2,  -2.0,  -2.2,  -2.5,  -2.7,  -1.7,  -2.7,  -5.0,  -7.3,  -8.3,  -7.3,  -5.0,  326.4,  327.7,  328.0,  327.1,  325.5,  324.4,  323.9,  324.8,  329.4,  327.7,  325.9,  325.2,  325.5,  326.3,  327.1,  325.2,  323.5,  323.2,  324.7,  327.0,  326.2,  325.8,  326.0,  326.6,  327.3,  327.7,  327.6,  327.0,  308.9,  309.8,  310.7,  311.0,  310.6,  309.7,  308.8,  308.7,  309.4,  308.7,  308.3,  308.5,  310.0,  312.5,  314.8,  312.2,  309.6,  307.7,  307.4,  308.3,  309.9,  310.1,  310.6,  311.1,  311.3,  311.1,  310.6,  310.2,  3.3,  31.5,  342.4,  -0.213,  0.040,  0.021,  466.5,  467.5,  473.1,  482.6,  499.1,  525.0,  557.3,  595.8,  642.2,  689.4,  732.4,  770.3,  799.7,  817.5,  826.3,  833.3,  837.6,  501.7,  521.7,  550.2,  580.6,  609.3,  692.0,  724.6,  755.0,  783.2,  801.9,  650.4,  649.9,  649.2,  648.4,  613.1,  630.3,  647.7,  665.9,  682.5,  538.1,  558.2,  581.3,  600.0,  580.2,  557.5,  700.7,  719.7,  743.2,  762.0,  744.4,  721.9,  582.7,  604.6,  628.6,  646.1,  665.9,  691.9,  713.0,  691.5,  666.2,  644.8,  625.2,  602.7,  594.0,  627.4,  645.6,  665.5,  702.4,  665.2,  644.9,  626.3,  372.0,  419.7,  467.0,  511.1,  549.9,  582.6,  606.3,  624.9,  632.7,  632.0,  619.5,  596.8,  562.9,  518.2,  468.3,  416.7,  366.1,  322.1,  298.9,  289.1,  290.0,  295.3,  294.3,  286.8,  286.2,  296.0,  317.5,  336.4,  364.1,  391.3,  419.5,  445.3,  451.0,  455.7,  451.5,  447.2,  351.3,  339.3,  338.5,  350.0,  355.0,  355.8,  349.9,  337.6,  338.8,  350.0,  355.2,  354.7,  516.7,  492.9,  483.3,  487.7,  484.1,  496.8,  518.2,  536.3,  542.7,  543.4,  541.2,  532.7,  515.4,  502.9,  504.0,  503.4,  517.2,  517.7,  518.4,  516.5,  -79.6,  -78.6,  -75.8,  -70.9,  -62.3,  -49.5,  -34.2,  -17.5,  0.9,  19.7,  38.4,  56.0,  70.1,  78.6,  82.4,  85.7,  88.3,  -58.5,  -49.5,  -37.0,  -24.1,  -12.2,  20.6,  34.0,  46.7,  58.5,  66.7,  4.1,  3.8,  3.5,  3.1,  -10.3,  -3.7,  2.9,  9.8,  16.2,  -42.1,  -33.6,  -24.0,  -16.2,  -24.3,  -33.6,  24.5,  32.1,  41.6,  49.5,  42.0,  32.9,  -22.6,  -13.5,  -4.3,  2.3,  9.7,  19.8,  28.5,  19.5,  9.8,  1.8,  -5.5,  -14.3,  -18.1,  -4.8,  2.1,  9.6,  24.2,  9.5,  1.8,  -5.2,  5.5,  27.2,  48.6,  68.1,  84.0,  95.9,  101.8,  105.0,  106.7,  108.2,  107.9,  101.8,  89.1,  70.0,  47.9,  25.1,  2.7,  -16.0,  -25.5,  -29.2,  -28.4,  -25.8,  -26.1,  -29.4,  -29.9,  -26.2,  -17.5,  -9.3,  1.6,  11.8,  22.0,  32.7,  34.6,  36.2,  34.7,  33.3,  -3.6,  -8.5,  -8.8,  -4.1,  -2.0,  -1.7,  -4.1,  -9.0,  -8.6,  -4.0,  -1.9,  -2.1,  62.0,  50.9,  46.5,  47.8,  46.5,  52.1,  61.8,  66.9,  68.1,  68.4,  68.0,  66.1,  61.0,  54.0,  54.1,  53.9,  61.0,  59.2,  59.5,  59.2,  401.6,  398.8,  397.4,  394.3,  387.2,  376.8,  361.7,  346.7,  342.3,  348.3,  363.7,  376.2,  384.3,  387.2,  387.3,  387.8,  391.1,  370.4,  365.8,  360.9,  355.2,  349.0,  347.3,  351.4,  355.0,  357.7,  360.3,  343.9,  337.3,  330.3,  323.6,  335.6,  332.9,  330.8,  332.0,  333.5,  361.5,  358.7,  357.3,  355.5,  355.4,  357.1,  353.0,  352.5,  353.0,  354.9,  351.8,  351.4,  345.9,  335.0,  329.8,  327.7,  327.7,  333.4,  341.5,  331.9,  326.4,  326.4,  328.5,  334.8,  343.4,  330.9,  329.0,  328.8,  339.5,  328.7,  328.8,  331.0,  2.488,  -0.083,  0.047,  0.019,  648.749,  443.124,  -15.739,  -5.151,  -14.320,  -9.786,  -5.162,  -5.348,  0.568,  -0.085,  2.892,  -5.411,  -6.658,  -5.337,  9.390,  -1.699,  3.170,  2.184,  4.724,  -0.916,  -2.416,  -4.081,  0.140,  1.189,  2.613,  -0.566,  1.265,  1.790,  -0.177,  -0.135,  0.054,  -0.451,  0.449,  -0.864,  -0.080,  0.420, 0.08, 0.17, 0.00, 0.00, 0.00, 0.29, 0.11, 0.09, 0.00, 0.00, 0.00, 0.44, 0.00, 0.00, 1.30, 0.09, 0.16, 0.00, 0.00, 0.00, 0.00, 0.00, 0.00, 0.00, 0.00, 0.00, 0.00, 0.00, 0.00, 0.00, 0.00, 0.00, 0.00, 0.00, 0.00
43,  0,  1.401,  0.98,  1,  0.066797,  -0.039262,  -0.996994,  -0.159496,  0.012441,  -0.987120,  -0.047,  -0.014,  554.4,  559.4,  571.3,  583.1,  587.9,  583.7,  571.0,  559.2,  541.6,  548.2,  557.8,  570.3,  583.1,  592.3,  598.5,  591.1,  580.2,  567.9,  557.1,  548.0,  565.4,  571.2,  577.1,  579.6,  577.2,  571.4,  565.5,  563.0,  711.4,  716.1,  728.5,  741.3,  747.0,  742.3,  729.9,  716.2,  702.6,  709.6,  719.6,  732.8,  745.2,  754.3,  760.7,  754.4,  746.0,  735.3,  722.8,  711.4,  722.6,  729.2,  735.6,  738.0,  735.0,  728.4,  722.1,  719.7,  344.9,  333.5,  328.7,  333.4,  344.7,  357.2,  360.9,  356.2,  351.6,  344.5,  340.0,  337.5,  339.1,  343.6,  350.3,  353.8,  354.9,  355.7,  355.7,  354.6,  351.2,  353.5,  351.1,  345.5,  339.9,  337.6,  340.0,  345.6,  345.7,  333.0,  327.7,  332.8,  345.3,  358.0,  363.4,  359.3,  351.0,  343.5,  339.0,  337.5,  339.8,  344.0,  350.5,  352.9,  354.0,  354.4,  354.0,  353.3,  352.7,  355.3,  352.6,  346.0,  339.6,  336.9,  339.7,  346.2,  -31.6,  -29.9,  -25.5,  -21.0,  -19.2,  -20.7,  -25.3,  -29.7,  -36.7,  -34.1,  -30.3,  -25.6,  -21.0,  -17.6,  -15.4,  -18.0,  -21.9,  -26.4,  -30.5,  -34.1,  -27.5,  -25.4,  -23.2,  -22.3,  -23.3,  -25.5,  -27.6,  -28.5,  25.0,  26.8,  31.3,  35.8,  37.8,  36.0,  31.5,  26.7,  22.0,  24.4,  27.9,  32.5,  37.0,  40.6,  43.2,  40.6,  37.2,  33.3,  28.9,  25.0,  29.1,  31.4,  33.7,  34.6,  33.6,  31.3,  29.0,  28.1,  -5.6,  -9.8,  -11.6,  -9.9,  -5.6,  -1.0,  0.3,  -1.4,  -3.1,  -5.8,  -7.4,  -8.3,  -7.7,  -6.1,  -3.6,  -2.3,  -1.9,  -1.6,  -1.6,  -2.0,  -3.2,  -2.4,  -3.3,  -5.4,  -7.4,  -8.3,  -7.4,  -5.3,  -5.0,  -9.5,  -11.4,  -9.6,  -5.2,  -0.7,  1.2,  -0.2,  -3.1,  -5.8,  -7.4,  -7.9,  -7.1,  -5.7,  -3.4,  -2.5,  -2.1,  -2.0,  -2.1,  -2.3,  -2.6,  -1.6,  -2.6,  -4.9,  -7.2,  -8.2,  -7.2,  -4.9,  323.1,  324.3,  324.6,  323.8,  322.4,  321.4,  320.9,  321.7,  326.4,  324.7,  322.9,  322.1,  322.5,  323.2,  324.0,  322.2,  320.6,  320.3,  321.7,  324.0,  323.0,  322.7,  322.8,  323.4,  324.1,  324.5,  324.4,  323.7,  306.9,  308.1,  309.2,  309.4,  308.8,  307.5,  306.4,  306.3,  307.3,  306.7,  306.5,  306.8,  308.2,  310.6,  312.8,  310.2,  307.5,  305.5,  305.2,  306.1,  307.8,  307.9,  308.5,  309.2,  309.5,  309.4,  308.8,  308.2,  3.5,  31.6,  342.5,  -0.212,  0.040,  0.020,  467.2,  468.0,  473.4,  482.6,  499.0,  525.2,  558.3,  597.9,  644.5,  691.3,  733.8,  771.1,  800.3,  817.9,  826.6,  833.5,  837.8,  502.0,  521.7,  550.4,  581.1,  610.1,  692.2,  724.9,  755.5,  783.8,  802.6,  650.8,  650.4,  649.7,  649.0,  613.7,  630.9,  648.3,  666.5,  683.0,  538.6,  558.6,  581.8,  600.5,  580.7,  558.0,  701.1,  720.2,  743.7,  762.5,  745.0,  722.4,  583.4,  605.3,  629.2,  646.8,  666.4,  692.2,  713.4,  691.9,  667.0,  645.6,  626.1,  603.5,  594.7,  628.1,  646.2,  666.1,  702.8,  665.8,  645.6,  627.1,  371.5,  419.2,  466.4,  510.7,  549.9,  583.1,  607.0,  625.5,  632.9,  631.5,  618.6,  596.0,  562.5,  518.2,  468.3,  416.6,  365.9,  322.9,  299.4,  289.4,  290.2,  295.7,  294.6,  287.0,  286.4,  296.3,  318.0,  336.9,  364.4,  391.5,  419.6,  445.6,  451.3,  455.9,  451.7,  447.4,  351.6,  339.7,  338.9,  350.3,  355.4,  356.2,  350.2,  337.9,  339.1,  350.2,  355.5,  355.1,  516.9,  493.2,  483.6,  488.0,  484.4,  496.9,  518.2,  536.2,  542.5,  543.3,  541.2,  533.0,  515.5,  503.1,  504.3,  503.6,  517.1,  517.5,  518.3,  516.5,  -79.3,  -78.4,  -75.7,  -71.0,  -62.5,  -49.5,  -33.8,  -16.7,  1.8,  20.5,  39.0,  56.4,  70.4,  78.8,  82.6,  85.8,  88.4,  -58.4,  -49.4,  -36.9,  -23.9,  -11.9,  20.7,  34.1,  46.9,  58.8,  67.0,  4.2,  4.0,  3.7,  3.3,  -10.1,  -3.5,  3.1,  10.0,  16.4,  -41.9,  -33.4,  -23.8,  -16.1,  -24.1,  -33.5,  24.6,  32.3,  41.9,  49.7,  42.2,  33.1,  -22.4,  -13.3,  -4.1,  2.5,  9.9,  19.9,  28.6,  19.7,  10.1,  2.1,  -5.2,  -14.0,  -17.8,  -4.5,  2.3,  9.8,  24.4,  9.7,  2.1,  -4.9,  5.3,  27.0,  48.4,  68.0,  84.1,  96.2,  102.2,  105.2,  106.8,  108.2,  107.6,  101.5,  89.0,  70.1,  48.0,  25.1,  2.7,  -15.7,  -25.3,  -29.1,  -28.3,  -25.6,  -26.0,  -29.3,  -29.8,  -26.0,  -17.3,  -9.1,  1.7,  11.9,  22.1,  32.8,  34.7,  36.3,  34.8,  33.3,  -3.5,  -8.3,  -8.6,  -3.9,  -1.9,  -1.5,  -3.9,  -8.9,  -8.4,  -4.0,  -1.8,  -2.0,  62.0,  51.0,  46.6,  47.9,  46.6,  52.1,  61.7,  66.9,  68.1,  68.4,  68.0,  66.2,  61.0,  54.1,  54.3,  54.0,  61.0,  59.2,  59.5,  59.2,  401.6,  399.0,  397.8,  394.8,  387.7,  377.2,  361.8,  346.8,  342.5,  348.7,  364.0,  376.4,  384.5,  387.5,  387.5,  387.8,  390.9,  370.5,  365.8,  360.8,  355.1,  349.0,  347.2,  351.4,  355.0,  357.7,  360.6,  343.9,  337.3,  330.3,  323.6,  335.6,  333.0,  330.9,  332.2,  333.7,  361.4,  358.7,  357.3,  355.5,  355.4,  357.1,  353.0,  352.6,  353.1,  355.1,  351.9,  351.5,  345.7,  334.8,  329.8,  327.7,  327.7,  333.4,  341.5,  332.0,  326.6,  326.5,  328.5,  334.6,  343.2,  330.9,  329.0,  328.8,  339.4,  328.9,  328.9,  331.1,  2.487,  -0.081,  0.047,  0.018,  649.342,  443.259,  -14.974,  -4.495,  -14.787,  -9.864,  -5.448,  -5.712,  0.485,  0.073,  3.093,  -5.546,  -6.766,  -5.655,  9.480,  -1.610,  3.288,  2.718,  3.938,  -0.395,  -2.363,  -3.574,  -0.107,  0.907,  2.149,  -0.735,  0.948,  1.767,  -0.110,  -0.166,  -0.018,  -0.491,  0.454,  -0.805,  -0.085,  0.443, 0.07, 0.16, 0.00, 0.00, 0.00, 0.43, 0.12, 0.10, 0.00, 0.00, 0.00, 0.43, 0.00, 0.00, 1.18, 0.10, 0.60, 0.00, 0.00, 0.00, 0.00, 0.00, 0.00, 0.00, 0.00, 0.00, 0.00, 0.00, 0.00, 0.00, 0.00, 0.00, 0.00, 0.00, 0.00
44,  0,  1.435,  0.98,  1,  0.117619,  0.056235,  -0.991465,  -0.141653,  0.050012,  -0.988652,  -0.012,  0.054,  557.3,  562.1,  573.8,  585.5,  590.5,  586.7,  574.0,  562.2,  544.6,  550.7,  559.2,  570.3,  582.6,  592.9,  600.9,  592.2,  580.6,  568.6,  558.3,  550.2,  569.0,  574.5,  579.9,  582.1,  579.8,  574.4,  569.0,  566.8,  712.2,  717.0,  728.7,  740.4,  745.3,  740.4,  728.7,  716.1,  700.8,  709.2,  719.7,  731.9,  743.4,  752.9,  760.4,  753.3,  743.9,  732.6,  720.7,  709.4,  723.2,  728.4,  733.7,  735.9,  733.7,  728.4,  723.2,  721.0,  349.4,  337.1,  331.4,  335.5,  347.2,  360.5,  365.2,  361.1,  352.7,  347.2,  343.4,  341.2,  342.1,  345.4,  350.6,  354.0,  355.2,  356.0,  356.1,  355.2,  354.8,  356.8,  354.1,  348.4,  343.1,  341.1,  343.8,  349.5,  347.0,  336.2,  332.2,  337.5,  348.8,  359.6,  363.5,  359.4,  351.5,  346.8,  343.4,  342.4,  344.8,  349.0,  354.4,  354.9,  354.3,  353.6,  353.1,  353.3,  353.6,  356.0,  354.2,  349.4,  344.3,  341.9,  343.7,  348.5,  -30.6,  -28.9,  -24.5,  -20.1,  -18.2,  -19.5,  -24.2,  -28.6,  -35.8,  -33.2,  -29.8,  -25.6,  -21.0,  -17.3,  -14.3,  -17.5,  -21.7,  -26.1,  -30.0,  -33.4,  -26.2,  -24.1,  -22.1,  -21.3,  -22.2,  -24.3,  -26.3,  -27.1,  26.6,  28.6,  33.1,  37.4,  39.0,  37.0,  32.5,  28.0,  22.5,  25.5,  29.3,  33.8,  38.2,  42.0,  45.2,  42.0,  38.2,  33.9,  29.5,  25.5,  30.7,  32.7,  34.7,  35.6,  34.8,  32.9,  30.9,  30.0,  -3.9,  -8.5,  -10.6,  -9.0,  -4.7,  0.2,  1.9,  0.4,  -2.8,  -4.8,  -6.1,  -6.9,  -6.6,  -5.4,  -3.4,  -2.2,  -1.8,  -1.4,  -1.5,  -1.8,  -1.9,  -1.2,  -2.2,  -4.3,  -6.3,  -7.0,  -6.0,  -3.9,  -4.8,  -8.9,  -10.4,  -8.4,  -4.2,  -0.2,  1.3,  -0.2,  -3.2,  -4.8,  -6.1,  -6.5,  -5.6,  -4.1,  -2.1,  -1.9,  -2.1,  -2.3,  -2.5,  -2.4,  -2.4,  -1.5,  -2.1,  -4.0,  -5.9,  -6.7,  -6.1,  -4.2,  323.6,  324.3,  323.8,  322.4,  320.9,  320.3,  320.7,  322.1,  328.4,  325.6,  322.9,  321.1,  320.4,  320.6,  321.2,  319.9,  319.1,  319.7,  321.9,  325.1,  323.0,  322.3,  322.1,  322.4,  323.1,  323.8,  324.0,  323.7,  323.0,  325.1,  326.4,  326.0,  324.3,  322.2,  320.9,  321.4,  323.4,  322.5,  321.8,  322.1,  323.5,  325.8,  328.6,  324.8,  321.9,  320.2,  320.2,  321.4,  323.3,  323.2,  323.7,  324.7,  325.5,  325.6,  325.1,  324.1,  3.6,  31.7,  341.9,  -0.203,  0.041,  0.019,  467.4,  468.2,  473.5,  483.1,  499.8,  526.1,  558.8,  597.4,  644.2,  691.7,  734.6,  771.8,  800.8,  818.3,  826.8,  833.8,  838.3,  503.4,  522.6,  550.8,  581.3,  610.1,  692.2,  724.8,  755.3,  783.6,  802.6,  651.1,  650.7,  650.0,  649.3,  613.3,  630.8,  648.7,  667.3,  684.2,  540.3,  560.3,  582.2,  601.1,  581.6,  560.2,  700.4,  719.8,  742.2,  761.1,  742.9,  721.4,  583.2,  605.1,  629.2,  647.1,  667.1,  692.9,  714.1,  692.4,  667.5,  645.8,  626.1,  603.3,  594.2,  628.2,  646.5,  666.7,  703.7,  666.4,  645.9,  627.2,  372.4,  420.0,  467.2,  511.5,  550.2,  582.9,  606.0,  624.6,  633.2,  632.3,  620.0,  597.1,  563.0,  518.2,  468.0,  416.4,  366.4,  322.6,  299.4,  289.3,  290.4,  295.8,  294.4,  287.5,  287.0,  297.1,  318.5,  337.9,  365.4,  392.4,  420.4,  444.6,  450.8,  455.8,  451.3,  446.8,  352.8,  343.3,  342.2,  350.8,  355.4,  356.4,  350.9,  341.9,  343.4,  352.3,  356.6,  355.7,  515.4,  492.4,  483.2,  487.7,  484.2,  496.5,  517.5,  535.5,  542.1,  542.9,  540.6,  532.1,  514.3,  502.4,  503.7,  503.2,  516.6,  516.8,  517.5,  515.6,  -79.3,  -78.4,  -75.8,  -71.0,  -62.3,  -49.3,  -33.6,  -16.9,  1.7,  20.6,  39.6,  57.1,  71.1,  79.3,  82.9,  86.0,  88.8,  -57.8,  -49.0,  -36.7,  -23.7,  -11.8,  20.5,  33.9,  46.6,  58.7,  67.1,  4.3,  4.1,  3.8,  3.4,  -10.2,  -3.5,  3.3,  10.3,  16.8,  -41.1,  -32.6,  -23.6,  -15.8,  -23.7,  -32.5,  24.3,  32.1,  41.1,  49.0,  41.3,  32.6,  -22.5,  -13.3,  -4.0,  2.6,  10.1,  20.1,  29.0,  19.9,  10.2,  2.1,  -5.2,  -14.0,  -17.9,  -4.5,  2.5,  10.0,  24.7,  9.9,  2.2,  -4.8,  5.7,  27.4,  48.8,  68.6,  84.5,  96.4,  101.8,  104.8,  107.1,  108.8,  108.8,  102.6,  89.7,  70.4,  47.9,  25.0,  2.9,  -15.9,  -25.3,  -29.1,  -28.1,  -25.5,  -25.8,  -29.0,  -29.5,  -25.7,  -17.1,  -8.7,  2.1,  12.2,  22.2,  32.4,  34.4,  36.1,  34.6,  33.0,  -3.0,  -6.8,  -7.2,  -3.7,  -1.9,  -1.5,  -3.6,  -7.3,  -6.7,  -3.1,  -1.4,  -1.7,  61.4,  50.6,  46.3,  47.7,  46.4,  51.9,  61.5,  66.5,  67.8,  68.1,  67.6,  65.7,  60.5,  53.8,  53.9,  53.7,  60.8,  58.8,  59.1,  58.8,  402.0,  399.4,  398.5,  395.9,  388.9,  378.4,  362.0,  346.6,  343.0,  349.7,  366.1,  378.7,  386.7,  389.1,  388.3,  388.3,  391.6,  370.5,  365.4,  359.9,  353.8,  346.9,  344.5,  349.5,  353.8,  357.3,  360.8,  342.4,  335.8,  328.7,  322.1,  334.7,  332.0,  329.7,  331.2,  333.0,  360.7,  357.7,  356.4,  354.8,  354.6,  356.0,  352.0,  351.5,  352.0,  354.0,  350.9,  350.5,  345.9,  334.4,  329.0,  326.8,  326.9,  332.7,  341.8,  331.4,  325.8,  325.6,  327.7,  334.2,  343.2,  330.4,  328.4,  328.3,  339.7,  328.1,  328.1,  330.4,  2.490,  -0.071,  0.045,  0.018,  649.601,  443.512,  -8.823,  -3.756,  -12.284,  -9.618,  -6.433,  -4.995,  0.884,  0.320,  0.557,  -5.695,  -7.005,  -7.673,  9.547,  -2.862,  3.801,  2.546,  3.805,  -1.952,  -4.537,  -5.366,  1.118,  0.465,  3.565,  -1.690,  0.154,  2.300,  -0.429,  0.143,  0.434,  -0.514,  0.598,  -0.837,  0.011,  0.299, 0.03, 0.09, 0.00, 0.00, 0.00, 0.61, 0.24, 0.14, 0.03, 0.00, 0.02, 0.47, 0.00, 0.00, 1.14, 0.01, 1.41, 0.00, 0.00, 0.00, 0.00, 0.00, 0.00, 0.00, 0.00, 0.00, 0.00, 0.00, 0.00, 0.00, 0.00, 0.00, 0.00, 0.00, 1.00
45,  0,  1.468,  0.98,  1,  0.086087,  0.073881,  -0.993544,  -0.168484,  0.178401,  -0.969426,  -0.042,  0.128,  559.0,  562.4,  572.3,  582.9,  588.0,  585.5,  574.7,  564.1,  544.9,  551.9,  560.9,  571.2,  582.1,  591.7,  599.5,  592.7,  582.4,  571.4,  560.8,  551.7,  569.7,  574.2,  578.4,  579.9,  577.7,  573.1,  568.9,  567.5,  712.0,  717.1,  728.6,  740.0,  744.4,  739.4,  727.8,  715.7,  701.7,  708.8,  718.6,  731.3,  743.9,  754.0,  761.7,  754.0,  744.0,  732.7,  720.1,  709.0,  723.4,  728.2,  733.0,  735.1,  733.3,  728.5,  723.6,  721.5,  352.8,  342.2,  336.8,  340.0,  349.7,  361.2,  365.6,  362.5,  356.3,  352.6,  349.4,  347.5,  347.7,  349.2,  350.8,  354.0,  354.8,  356.1,  357.2,  357.6,  356.6,  358.0,  355.7,  351.2,  347.0,  345.7,  348.0,  352.5,  356.0,  344.6,  340.1,  345.2,  356.9,  368.4,  372.9,  368.4,  353.5,  351.8,  351.0,  351.2,  353.0,  354.9,  358.0,  361.8,  363.4,  363.4,  361.8,  359.0,  361.0,  363.1,  361.2,  356.4,  351.4,  349.3,  351.2,  356.0,  -34.0,  -32.7,  -28.5,  -24.0,  -21.8,  -22.8,  -27.2,  -31.7,  -40.5,  -37.2,  -33.2,  -28.7,  -24.2,  -20.2,  -17.1,  -19.8,  -24.0,  -28.6,  -33.1,  -37.2,  -29.5,  -27.6,  -25.8,  -25.3,  -26.2,  -28.1,  -29.9,  -30.5,  27.2,  29.0,  33.3,  37.6,  39.4,  37.5,  33.2,  28.7,  23.4,  26.0,  29.5,  34.2,  39.1,  43.1,  46.5,  43.2,  39.2,  34.8,  30.1,  26.0,  31.6,  33.4,  35.2,  36.0,  35.2,  33.4,  31.6,  30.8,  -3.0,  -7.5,  -9.8,  -8.4,  -4.3,  0.5,  2.3,  1.0,  -1.6,  -3.1,  -4.4,  -5.2,  -5.1,  -4.5,  -3.9,  -2.5,  -2.1,  -1.6,  -1.2,  -1.0,  -1.4,  -0.9,  -1.8,  -3.7,  -5.5,  -6.0,  -5.1,  -3.2,  -1.5,  -5.8,  -7.5,  -5.6,  -1.2,  3.2,  4.9,  3.2,  -2.5,  -3.1,  -3.4,  -3.3,  -2.6,  -1.9,  -0.8,  0.7,  1.3,  1.3,  0.7,  -0.4,  0.4,  1.2,  0.5,  -1.4,  -3.2,  -4.0,  -3.3,  -1.5,  367.2,  368.3,  368.5,  367.8,  366.5,  365.6,  365.2,  365.9,  372.4,  369.3,  366.8,  365.4,  365.6,  366.9,  368.6,  366.3,  364.6,  364.4,  365.8,  368.6,  367.3,  367.0,  367.1,  367.5,  368.1,  368.4,  368.3,  367.8,  330.2,  329.5,  329.0,  329.1,  329.7,  330.5,  330.9,  331.2,  332.2,  330.0,  328.1,  327.5,  328.8,  331.2,  334.6,  331.9,  329.7,  328.4,  328.6,  330.4,  331.2,  331.2,  331.0,  330.7,  330.4,  330.4,  330.6,  330.9,  3.7,  32.0,  343.0,  -0.197,  0.039,  0.021,  468.0,  468.6,  473.2,  482.6,  499.5,  526.0,  558.5,  596.8,  644.1,  692.0,  735.5,  772.5,  801.0,  818.0,  826.4,  833.9,  839.4,  504.4,  523.2,  550.9,  581.4,  610.5,  692.4,  724.8,  754.9,  783.0,  802.6,  651.5,  650.9,  650.2,  649.3,  612.7,  630.6,  649.0,  667.9,  685.1,  541.1,  561.4,  582.1,  601.5,  582.0,  561.9,  700.8,  720.9,  742.2,  761.5,  742.4,  721.6,  583.0,  605.2,  629.5,  647.6,  667.7,  693.3,  714.5,  692.7,  668.1,  646.3,  626.5,  603.5,  594.0,  628.5,  647.0,  667.3,  704.0,  667.2,  646.5,  627.7,  371.8,  419.6,  467.3,  511.7,  550.1,  582.1,  604.1,  622.0,  631.0,  630.4,  618.5,  596.3,  562.2,  517.0,  466.8,  416.4,  368.1,  322.2,  299.1,  288.4,  289.6,  294.9,  294.9,  289.2,  289.1,  298.6,  318.7,  340.2,  366.8,  392.8,  419.9,  443.8,  450.2,  455.4,  450.8,  446.3,  355.8,  349.0,  347.6,  352.8,  357.4,  358.5,  354.7,  349.7,  351.8,  358.1,  361.4,  360.2,  513.4,  491.3,  482.5,  487.1,  483.9,  496.2,  516.8,  534.6,  541.4,  542.1,  539.7,  531.2,  512.5,  501.7,  503.4,  503.1,  515.9,  515.3,  515.9,  514.0,  -79.5,  -78.6,  -76.5,  -71.7,  -62.9,  -49.6,  -33.8,  -17.2,  1.6,  21.0,  40.5,  58.0,  71.8,  79.8,  83.1,  86.5,  89.9,  -57.7,  -49.0,  -36.8,  -23.8,  -11.7,  20.6,  33.9,  46.6,  58.6,  67.3,  4.5,  4.2,  3.8,  3.4,  -10.5,  -3.6,  3.4,  10.6,  17.2,  -40.9,  -32.2,  -23.6,  -15.7,  -23.6,  -31.9,  24.5,  32.6,  41.2,  49.3,  41.2,  32.8,  -22.6,  -13.3,  -4.0,  2.8,  10.4,  20.3,  29.2,  20.1,  10.5,  2.4,  -5.1,  -14.0,  -18.1,  -4.4,  2.7,  10.3,  25.0,  10.2,  2.5,  -4.7,  5.4,  27.4,  49.2,  69.1,  85.0,  96.6,  101.3,  104.2,  107.1,  109.3,  109.5,  103.5,  90.2,  70.3,  47.6,  25.2,  3.6,  -16.1,  -25.6,  -29.5,  -28.6,  -25.8,  -25.6,  -28.3,  -28.7,  -25.1,  -17.1,  -7.8,  2.6,  12.4,  22.2,  32.2,  34.4,  36.1,  34.6,  33.0,  -1.8,  -4.5,  -5.1,  -2.9,  -1.1,  -0.6,  -2.1,  -4.2,  -3.3,  -0.8,  0.6,  0.1,  60.8,  50.3,  46.2,  47.6,  46.5,  52.0,  61.5,  66.4,  67.8,  68.0,  67.5,  65.6,  60.0,  53.7,  54.0,  53.9,  60.8,  58.5,  58.7,  58.3,  404.2,  401.4,  401.0,  398.7,  391.4,  380.4,  363.0,  348.0,  345.8,  353.6,  370.7,  383.2,  390.4,  392.0,  390.3,  390.4,  394.3,  372.6,  367.2,  361.1,  354.6,  346.8,  344.1,  349.7,  354.5,  358.4,  362.1,  343.3,  336.9,  330.0,  323.4,  335.8,  333.5,  331.2,  332.9,  334.8,  362.0,  358.7,  357.5,  356.1,  355.9,  357.1,  353.0,  352.5,  352.9,  355.2,  352.2,  351.8,  346.7,  335.2,  329.9,  327.8,  328.0,  333.7,  343.3,  332.7,  327.2,  326.7,  328.6,  335.0,  344.1,  331.4,  329.6,  329.5,  341.1,  329.5,  329.2,  331.4,  2.479,  -0.064,  0.042,  0.020,  649.866,  443.905,  -3.107,  -2.664,  -12.536,  -11.408,  -6.624,  -7.356,  -0.163,  0.853,  -2.946,  -6.526,  -8.109,  -10.541,  9.782,  -3.599,  2.495,  1.003,  1.996,  -3.725,  -7.058,  -6.961,  3.393,  -0.149,  3.838,  -3.284,  -0.747,  2.520,  -1.037,  0.531,  -0.454,  -0.810,  0.921,  -0.641,  -0.618,  0.715, 0.00, 0.09, 0.00, 0.00, 0.00, 0.61, 0.35, 0.10, 0.03, 0.00, 0.02, 0.52, 0.00, 0.00, 1.13, 0.01, 2.42, 0.00, 0.00, 0.00, 0.00, 0.00, 0.00, 0.00, 0.00, 0.00, 0.00, 0.00, 0.00, 0.00, 0.00, 0.00, 0.00, 0.00, 1.00
46,  0,  1.502,  0.98,  1,  0.080795,  0.113490,  -0.990249,  -0.192686,  0.202846,  -0.960066,  -0.057,  0.161,  557.2,  560.7,  570.8,  581.6,  586.7,  584.0,  573.2,  562.4,  541.4,  548.4,  558.3,  570.4,  582.3,  591.5,  598.2,  591.8,  582.2,  570.8,  559.7,  549.6,  567.7,  572.4,  576.7,  578.2,  576.0,  571.3,  567.0,  565.5,  710.2,  715.9,  728.4,  740.4,  744.9,  739.2,  726.7,  713.8,  700.0,  708.8,  719.7,  731.8,  743.3,  753.0,  761.5,  754.3,  744.6,  733.2,  720.2,  707.9,  721.8,  727.1,  732.5,  735.0,  733.0,  727.8,  722.3,  719.8,  356.0,  345.8,  340.7,  343.7,  353.0,  363.5,  368.3,  365.3,  357.1,  355.4,  353.6,  351.6,  350.3,  349.9,  350.6,  355.0,  358.2,  360.4,  361.3,  360.4,  358.4,  359.7,  357.5,  353.1,  349.0,  347.8,  350.0,  354.3,  357.5,  345.5,  341.1,  346.9,  359.5,  371.4,  375.8,  371.0,  353.3,  353.2,  353.2,  353.8,  355.2,  356.8,  359.6,  363.1,  364.2,  363.9,  362.1,  359.6,  364.1,  366.6,  364.7,  359.5,  354.0,  351.5,  353.4,  358.6,  -33.3,  -31.7,  -27.7,  -23.4,  -21.4,  -22.7,  -27.1,  -31.4,  -40.2,  -37.0,  -32.8,  -27.8,  -23.1,  -19.6,  -17.0,  -19.5,  -23.3,  -27.8,  -32.4,  -36.6,  -29.2,  -27.4,  -25.6,  -24.9,  -25.8,  -27.6,  -29.4,  -30.1,  25.8,  27.9,  32.6,  37.0,  38.6,  36.4,  31.7,  27.0,  22.1,  25.3,  29.1,  33.6,  37.9,  41.8,  45.4,  42.2,  38.3,  33.9,  29.2,  24.9,  30.1,  32.0,  34.0,  35.0,  34.3,  32.4,  30.3,  29.4,  -1.6,  -5.7,  -7.7,  -6.5,  -2.8,  1.4,  3.4,  2.1,  -1.2,  -1.9,  -2.6,  -3.4,  -3.9,  -4.1,  -3.8,  -2.0,  -0.7,  0.2,  0.5,  0.2,  -0.7,  -0.1,  -1.0,  -2.8,  -4.4,  -4.9,  -4.0,  -2.3,  -0.9,  -5.3,  -7.0,  -4.8,  -0.2,  4.2,  5.8,  4.0,  -2.5,  -2.5,  -2.5,  -2.3,  -1.8,  -1.2,  -0.1,  1.1,  1.5,  1.4,  0.8,  -0.1,  1.5,  2.4,  1.7,  -0.2,  -2.2,  -3.2,  -2.4,  -0.5,  351.9,  350.1,  349.6,  350.5,  352.3,  354.5,  354.7,  353.8,  357.2,  353.5,  350.7,  349.2,  350.2,  352.6,  355.4,  353.6,  351.9,  351.5,  352.5,  354.6,  353.6,  354.0,  353.7,  353.0,  352.2,  351.8,  352.0,  352.8,  321.1,  322.2,  322.8,  322.6,  321.7,  320.7,  320.1,  320.5,  322.7,  321.1,  320.0,  320.0,  321.3,  323.5,  326.6,  323.1,  320.3,  318.6,  318.6,  320.4,  321.8,  321.7,  322.0,  322.4,  322.8,  322.9,  322.6,  322.2,  3.7,  32.1,  342.5,  -0.201,  0.036,  0.019,  467.8,  468.7,  473.2,  482.7,  499.6,  526.1,  558.5,  596.8,  644.4,  692.6,  736.1,  773.0,  801.4,  818.3,  826.4,  833.9,  839.3,  503.4,  523.1,  550.9,  581.4,  610.6,  691.4,  724.2,  754.6,  783.0,  803.4,  651.2,  650.8,  650.1,  649.4,  612.3,  630.4,  649.1,  668.1,  685.4,  539.6,  560.0,  580.6,  600.5,  580.7,  560.8,  700.5,  721.2,  742.4,  762.0,  742.4,  721.6,  582.0,  604.7,  629.2,  647.6,  668.0,  693.9,  715.3,  693.3,  668.3,  646.2,  626.1,  602.8,  593.0,  628.2,  647.0,  667.5,  705.0,  667.4,  646.4,  627.3,  374.4,  421.5,  468.6,  512.7,  550.4,  581.9,  603.5,  621.5,  630.8,  630.3,  618.6,  596.0,  561.6,  516.1,  466.1,  416.3,  368.5,  322.4,  300.0,  289.6,  290.2,  294.8,  294.2,  289.0,  289.4,  299.1,  318.9,  340.6,  366.8,  392.4,  419.2,  443.2,  449.7,  455.0,  450.4,  446.0,  358.1,  352.0,  350.4,  354.4,  359.1,  360.5,  355.6,  351.7,  354.1,  359.6,  362.6,  361.2,  512.8,  490.8,  482.0,  486.5,  483.2,  495.5,  515.8,  534.2,  541.4,  542.3,  539.9,  531.2,  511.9,  501.1,  502.7,  502.3,  515.0,  515.0,  515.7,  513.9,  -79.4,  -78.4,  -76.3,  -71.6,  -62.8,  -49.5,  -33.8,  -17.2,  1.7,  21.2,  40.7,  58.3,  72.0,  79.9,  83.2,  86.8,  90.2,  -58.2,  -49.1,  -36.8,  -23.7,  -11.6,  20.2,  33.6,  46.5,  58.7,  67.9,  4.4,  4.1,  3.8,  3.5,  -10.6,  -3.7,  3.4,  10.7,  17.3,  -41.6,  -32.8,  -24.3,  -16.1,  -24.1,  -32.3,  24.4,  32.7,  41.3,  49.6,  41.2,  32.8,  -22.9,  -13.5,  -4.0,  2.8,  10.5,  20.5,  29.5,  20.2,  10.6,  2.3,  -5.2,  -14.2,  -18.5,  -4.5,  2.6,  10.3,  25.3,  10.3,  2.4,  -4.8,  6.6,  28.2,  49.7,  69.4,  85.1,  96.5,  100.9,  103.8,  106.9,  109.2,  109.7,  103.4,  90.0,  70.0,  47.4,  25.2,  3.8,  -16.0,  -25.2,  -29.0,  -28.3,  -25.8,  -25.8,  -28.4,  -28.6,  -25.0,  -17.1,  -7.6,  2.6,  12.2,  21.8,  31.8,  34.1,  35.9,  34.3,  32.8,  -0.8,  -3.3,  -3.9,  -2.3,  -0.4,  0.2,  -1.8,  -3.3,  -2.4,  -0.2,  1.1,  0.5,  60.4,  50.0,  45.9,  47.3,  46.1,  51.6,  61.1,  66.1,  67.6,  67.9,  67.4,  65.4,  59.6,  53.3,  53.6,  53.4,  60.4,  58.2,  58.4,  58.1,  403.6,  400.7,  400.2,  398.0,  391.0,  380.3,  362.7,  347.5,  345.5,  353.5,  371.0,  383.4,  390.5,  392.1,  390.8,  391.6,  396.1,  372.8,  367.2,  361.0,  354.2,  345.9,  343.3,  349.6,  354.9,  359.3,  363.2,  342.9,  336.3,  329.1,  322.4,  334.9,  332.6,  330.4,  332.1,  334.1,  362.2,  358.7,  357.6,  356.1,  355.8,  357.0,  353.1,  352.8,  353.3,  355.8,  352.5,  352.1,  346.2,  334.6,  329.1,  326.9,  327.2,  333.0,  342.9,  332.0,  326.4,  325.7,  327.6,  334.4,  343.5,  330.6,  328.8,  328.7,  340.8,  328.6,  328.3,  330.5,  2.481,  -0.069,  0.037,  0.017,  649.757,  444.149,  0.185,  -3.295,  -10.900,  -10.776,  -6.140,  -9.041,  -2.117,  0.577,  -3.915,  -6.127,  -7.393,  -10.917,  9.012,  -3.567,  1.999,  0.629,  1.284,  -4.069,  -8.203,  -7.799,  3.548,  0.727,  4.368,  -3.082,  -1.642,  2.992,  -0.716,  0.049,  -0.402,  -0.785,  0.593,  -0.609,  -0.690,  0.585, 0.00, 0.00, 0.00, 0.00, 0.00, 0.34, 0.41, 0.08, 0.03, 0.00, 0.02, 0.57, 0.00, 0.00, 1.21, 0.00, 3.05, 0.00, 0.00, 0.00, 0.00, 0.00, 0.00, 0.00, 0.00, 0.00, 0.00, 0.00, 0.00, 0.00, 0.00, 0.00, 0.00, 0.00, 1.00
47,  0,  1.535,  0.98,  1,  0.068815,  0.129000,  -0.989254,  -0.196676,  0.201349,  -0.959571,  -0.066,  0.168,  556.0,  559.8,  570.1,  580.8,  585.7,  582.7,  571.6,  560.9,  540.8,  548.0,  557.7,  569.9,  581.7,  590.8,  597.6,  591.1,  581.2,  569.7,  558.7,  548.8,  566.7,  571.1,  575.3,  576.8,  574.9,  570.5,  566.3,  564.7,  710.4,  716.0,  728.4,  740.3,  744.7,  739.1,  726.7,  713.9,  699.9,  709.0,  720.1,  732.3,  743.9,  753.7,  762.0,  754.6,  744.7,  733.1,  720.0,  707.7,  721.9,  727.1,  732.4,  734.9,  732.9,  727.8,  722.4,  720.0,  356.6,  346.1,  341.3,  344.9,  354.9,  365.8,  370.2,  366.6,  357.9,  356.0,  354.3,  352.3,  351.2,  350.9,  351.5,  356.5,  359.8,  362.0,  362.5,  361.4,  359.5,  361.0,  359.1,  354.8,  350.7,  349.2,  351.2,  355.4,  357.7,  345.6,  341.1,  346.8,  359.4,  371.5,  376.0,  371.2,  353.0,  353.2,  353.4,  354.0,  355.4,  357.0,  359.2,  363.0,  364.4,  364.0,  362.1,  359.4,  363.9,  366.4,  364.5,  359.2,  353.8,  351.3,  353.2,  358.5,  -34.0,  -32.3,  -28.1,  -23.9,  -22.0,  -23.3,  -27.8,  -32.1,  -40.7,  -37.4,  -33.2,  -28.2,  -23.4,  -19.9,  -17.3,  -19.8,  -23.7,  -28.4,  -32.9,  -37.1,  -29.8,  -28.0,  -26.3,  -25.6,  -26.4,  -28.1,  -29.8,  -30.5,  25.8,  27.9,  32.5,  36.8,  38.4,  36.3,  31.7,  27.0,  22.1,  25.3,  29.2,  33.7,  38.1,  42.0,  45.5,  42.3,  38.3,  33.9,  29.1,  24.8,  30.1,  32.0,  34.0,  34.9,  34.2,  32.3,  30.3,  29.4,  -1.4,  -5.6,  -7.5,  -6.1,  -2.1,  2.4,  4.1,  2.7,  -0.9,  -1.6,  -2.3,  -3.1,  -3.5,  -3.7,  -3.5,  -1.4,  -0.1,  0.8,  1.0,  0.6,  -0.2,  0.4,  -0.4,  -2.1,  -3.8,  -4.4,  -3.6,  -1.9,  -0.9,  -5.3,  -6.9,  -4.8,  -0.2,  4.2,  5.9,  4.1,  -2.6,  -2.5,  -2.4,  -2.2,  -1.7,  -1.1,  -0.3,  1.1,  1.6,  1.5,  0.8,  -0.2,  1.4,  2.4,  1.6,  -0.3,  -2.3,  -3.2,  -2.5,  -0.6,  354.0,  352.6,  352.1,  352.8,  354.3,  356.1,  356.3,  355.5,  358.9,  355.3,  352.7,  351.2,  352.0,  354.3,  356.9,  355.1,  353.2,  352.9,  354.1,  356.1,  355.5,  355.8,  355.6,  355.0,  354.4,  354.1,  354.3,  354.9,  320.5,  320.9,  321.3,  321.3,  321.0,  320.5,  320.2,  320.4,  322.0,  320.4,  319.3,  319.4,  320.8,  323.2,  326.4,  322.9,  320.1,  318.4,  318.3,  320.0,  321.4,  321.4,  321.5,  321.7,  321.9,  321.9,  321.7,  321.5,  3.6,  32.0,  342.3,  -0.202,  0.034,  0.017,  467.8,  468.7,  473.0,  482.3,  499.2,  526.0,  558.9,  597.2,  644.7,  692.9,  736.1,  773.1,  801.5,  818.5,  826.5,  834.0,  839.1,  503.0,  522.8,  550.6,  581.1,  610.4,  691.1,  723.8,  754.1,  782.5,  803.2,  651.1,  650.7,  650.1,  649.5,  612.0,  630.2,  649.0,  668.1,  685.4,  538.6,  559.2,  579.9,  600.0,  580.0,  560.0,  700.4,  721.4,  742.7,  762.4,  742.7,  721.8,  581.1,  604.0,  628.6,  647.3,  668.2,  694.2,  715.7,  693.4,  668.2,  645.7,  625.2,  601.8,  591.9,  627.5,  646.7,  667.7,  705.4,  667.4,  646.0,  626.4,  374.0,  420.9,  467.9,  512.2,  550.2,  581.9,  603.6,  621.5,  630.6,  629.8,  617.7,  594.8,  560.5,  515.2,  465.4,  415.5,  367.6,  322.9,  300.7,  290.2,  290.5,  294.8,  293.9,  288.9,  289.4,  298.9,  318.5,  340.6,  366.7,  392.2,  418.8,  443.1,  449.6,  454.9,  450.4,  446.0,  358.9,  352.9,  351.2,  355.1,  359.8,  361.3,  355.8,  351.9,  354.3,  359.6,  362.8,  361.4,  512.4,  490.5,  481.8,  486.3,  482.9,  495.2,  515.3,  534.0,  541.3,  542.3,  540.0,  531.1,  511.6,  500.9,  502.5,  502.0,  514.6,  514.9,  515.8,  514.0,  -79.3,  -78.3,  -76.3,  -71.7,  -62.9,  -49.6,  -33.7,  -17.0,  1.9,  21.4,  40.8,  58.3,  72.0,  80.0,  83.4,  86.9,  90.3,  -58.4,  -49.2,  -36.9,  -23.8,  -11.7,  20.1,  33.5,  46.3,  58.6,  67.8,  4.3,  4.1,  3.8,  3.5,  -10.7,  -3.7,  3.4,  10.7,  17.3,  -41.9,  -33.1,  -24.5,  -16.3,  -24.4,  -32.6,  24.4,  32.8,  41.5,  49.8,  41.4,  32.9,  -23.3,  -13.8,  -4.3,  2.7,  10.5,  20.6,  29.7,  20.3,  10.5,  2.1,  -5.5,  -14.6,  -18.9,  -4.7,  2.5,  10.4,  25.5,  10.3,  2.2,  -5.1,  6.5,  27.8,  49.3,  69.2,  85.0,  96.5,  101.0,  103.9,  106.9,  109.0,  109.2,  102.8,  89.4,  69.6,  47.1,  24.9,  3.5,  -15.8,  -24.9,  -28.8,  -28.1,  -25.8,  -26.0,  -28.4,  -28.7,  -25.1,  -17.2,  -7.6,  2.6,  12.1,  21.6,  31.8,  34.0,  35.8,  34.3,  32.8,  -0.4,  -2.9,  -3.6,  -2.0,  -0.1,  0.5,  -1.7,  -3.3,  -2.3,  -0.2,  1.1,  0.6,  60.2,  49.9,  45.8,  47.1,  45.9,  51.4,  60.9,  66.0,  67.6,  67.8,  67.3,  65.3,  59.5,  53.2,  53.5,  53.3,  60.2,  58.1,  58.4,  58.1,  403.1,  400.1,  399.9,  397.8,  391.0,  380.5,  362.9,  347.6,  345.6,  353.6,  370.9,  383.1,  390.2,  392.1,  391.0,  392.2,  397.1,  372.6,  367.2,  360.9,  354.2,  346.0,  343.8,  350.1,  355.4,  359.6,  363.4,  342.9,  336.2,  328.9,  322.1,  334.7,  332.4,  330.2,  332.0,  333.9,  362.0,  358.5,  357.4,  355.8,  355.6,  356.7,  353.2,  353.0,  353.6,  356.1,  352.7,  352.2,  345.9,  334.4,  328.8,  326.6,  327.0,  332.9,  342.8,  331.8,  326.0,  325.4,  327.3,  334.1,  343.2,  330.3,  328.5,  328.5,  340.7,  328.3,  328.0,  330.2,  2.482,  -0.071,  0.034,  0.015,  649.551,  444.041,  0.955,  -3.531,  -10.505,  -10.715,  -6.474,  -10.042,  -3.079,  0.011,  -4.276,  -5.711,  -7.318,  -9.880,  9.464,  -2.950,  1.160,  0.753,  0.563,  -3.563,  -8.428,  -8.087,  2.986,  1.095,  4.222,  -2.857,  -1.759,  3.297,  -0.263,  -0.410,  -0.304,  -0.651,  0.291,  -0.526,  -0.761,  0.507, 0.00, 0.00, 0.00, 0.00, 0.00, 0.38, 0.42, 0.00, 0.02, 0.00, 0.00, 0.45, 0.00, 0.00, 1.30, 0.12, 3.01, 0.00, 0.00, 0.00, 0.00, 0.00, 0.00, 0.00, 0.00, 0.00, 0.00, 0.00, 0.00, 0.00, 0.00, 0.00, 0.00, 0.00, 1.00
48,  0,  1.568,  0.98,  1,  0.126858,  0.057498,  -0.990253,  -0.158445,  0.157159,  -0.974780,  -0.016,  0.109,  558.5,  561.6,  571.5,  582.5,  588.1,  585.9,  575.1,  564.1,  542.3,  549.8,  559.1,  570.0,  581.2,  591.1,  599.0,  592.3,  581.7,  570.2,  559.2,  549.5,  569.6,  574.1,  578.2,  579.5,  577.2,  572.6,  568.5,  567.3,  712.5,  717.6,  728.7,  739.2,  743.0,  737.9,  726.9,  715.5,  701.7,  709.2,  719.0,  731.3,  743.2,  752.0,  758.2,  751.4,  742.5,  732.2,  720.3,  709.2,  723.2,  727.3,  731.6,  733.6,  732.1,  727.9,  723.6,  721.7,  352.1,  341.3,  335.7,  338.6,  348.3,  360.0,  364.8,  361.8,  356.7,  352.8,  349.3,  347.1,  347.1,  348.2,  349.2,  353.0,  354.3,  355.9,  357.4,  358.1,  355.7,  356.9,  354.6,  350.1,  346.1,  344.9,  347.2,  351.7,  353.5,  342.7,  338.6,  343.5,  354.6,  365.4,  369.6,  365.3,  351.0,  349.6,  349.3,  349.9,  351.8,  353.7,  356.3,  359.8,  361.1,  361.0,  359.2,  356.2,  357.9,  359.8,  358.1,  353.9,  349.6,  347.7,  349.3,  353.5,  -33.0,  -31.8,  -27.9,  -23.3,  -21.0,  -21.8,  -26.1,  -30.6,  -40.2,  -36.8,  -32.7,  -28.2,  -23.7,  -19.8,  -16.7,  -19.3,  -23.5,  -28.1,  -32.6,  -36.8,  -28.5,  -26.7,  -25.0,  -24.5,  -25.5,  -27.4,  -29.0,  -29.5,  28.6,  30.6,  34.9,  39.1,  40.8,  38.9,  34.5,  30.0,  24.5,  27.3,  31.0,  35.8,  40.7,  44.6,  47.5,  44.4,  40.6,  36.3,  31.6,  27.3,  33.0,  34.7,  36.4,  37.1,  36.5,  34.8,  33.1,  32.4,  -3.2,  -7.6,  -9.9,  -8.7,  -4.7,  0.0,  1.9,  0.7,  -1.3,  -3.0,  -4.3,  -5.2,  -5.2,  -4.8,  -4.4,  -2.8,  -2.3,  -1.7,  -1.0,  -0.8,  -1.8,  -1.3,  -2.2,  -4.0,  -5.7,  -6.2,  -5.2,  -3.4,  -2.5,  -6.8,  -8.4,  -6.5,  -2.1,  2.2,  3.8,  2.1,  -3.6,  -4.1,  -4.2,  -4.0,  -3.2,  -2.5,  -1.5,  -0.1,  0.4,  0.4,  -0.3,  -1.5,  -0.8,  -0.1,  -0.7,  -2.4,  -4.1,  -4.9,  -4.2,  -2.6,  354.1,  355.3,  355.9,  355.4,  354.2,  353.1,  352.4,  352.9,  359.7,  356.5,  354.1,  352.7,  353.0,  354.5,  356.4,  353.9,  352.1,  351.8,  353.1,  355.8,  354.4,  354.2,  354.5,  355.0,  355.5,  355.7,  355.4,  354.9,  345.6,  344.7,  344.6,  345.4,  346.5,  347.3,  347.4,  347.0,  346.8,  344.8,  343.2,  343.1,  345.2,  348.0,  351.9,  348.8,  346.3,  344.5,  344.0,  345.4,  347.1,  347.4,  347.4,  347.0,  346.6,  346.3,  346.3,  346.7,  3.5,  32.0,  344.0,  -0.195,  0.039,  0.018,  467.3,  468.3,  472.9,  482.1,  498.9,  525.7,  558.5,  597.2,  644.6,  692.5,  735.7,  772.5,  801.2,  818.6,  826.7,  833.8,  838.9,  503.6,  522.7,  550.5,  581.1,  610.3,  691.0,  724.0,  754.2,  782.4,  802.3,  650.8,  650.5,  649.9,  649.3,  612.1,  630.1,  648.6,  667.7,  684.9,  540.0,  560.2,  580.7,  599.8,  580.6,  560.8,  700.5,  720.2,  741.2,  760.3,  741.3,  721.0,  581.0,  603.6,  628.5,  647.0,  667.8,  694.1,  715.4,  693.5,  668.0,  645.6,  625.1,  601.5,  591.9,  627.4,  646.5,  667.3,  705.2,  667.1,  645.8,  626.4,  372.9,  420.3,  467.4,  511.7,  550.0,  582.3,  604.9,  623.3,  632.1,  630.7,  617.8,  594.8,  560.5,  515.4,  465.2,  414.9,  366.4,  322.6,  299.9,  289.2,  289.7,  294.3,  294.0,  288.6,  289.1,  298.8,  318.5,  339.1,  365.6,  391.7,  418.9,  442.4,  448.9,  454.3,  449.6,  444.8,  355.7,  348.7,  347.1,  351.8,  356.4,  357.8,  352.9,  348.1,  350.3,  356.5,  359.5,  358.1,  512.7,  490.4,  481.8,  486.2,  483.0,  494.9,  515.6,  535.4,  543.0,  543.8,  541.4,  532.1,  511.9,  500.4,  502.0,  501.5,  514.9,  517.2,  518.0,  516.1,  -79.7,  -78.8,  -76.6,  -72.0,  -63.1,  -49.6,  -33.8,  -17.0,  1.8,  21.2,  40.5,  57.8,  71.7,  79.7,  83.1,  86.3,  89.5,  -58.1,  -49.2,  -37.0,  -23.9,  -11.8,  20.2,  33.7,  46.4,  58.5,  67.3,  4.2,  4.0,  3.7,  3.4,  -10.7,  -3.8,  3.3,  10.5,  17.2,  -41.4,  -32.7,  -24.3,  -16.4,  -24.2,  -32.3,  24.4,  32.4,  40.9,  48.9,  40.8,  32.6,  -23.4,  -14.0,  -4.4,  2.6,  10.4,  20.7,  29.7,  20.4,  10.5,  2.1,  -5.6,  -14.8,  -19.0,  -4.8,  2.4,  10.3,  25.5,  10.3,  2.2,  -5.2,  5.9,  27.7,  49.3,  69.2,  85.0,  96.6,  101.5,  104.6,  107.4,  109.3,  109.0,  102.5,  89.1,  69.4,  46.8,  24.4,  2.9,  -16.0,  -25.2,  -29.2,  -28.5,  -26.1,  -26.1,  -28.7,  -28.8,  -25.1,  -17.2,  -8.2,  2.2,  12.0,  21.8,  31.7,  34.0,  35.8,  34.1,  32.5,  -1.8,  -4.6,  -5.3,  -3.3,  -1.4,  -0.9,  -2.9,  -4.8,  -3.9,  -1.4,  -0.2,  -0.8,  60.7,  50.2,  46.1,  47.5,  46.3,  51.7,  61.3,  67.0,  68.7,  68.9,  68.4,  66.2,  60.0,  53.3,  53.6,  53.4,  60.7,  59.4,  59.7,  59.4,  404.0,  401.5,  401.3,  399.1,  391.3,  380.1,  362.7,  347.6,  345.5,  353.2,  370.0,  381.9,  388.9,  390.8,  389.3,  389.7,  393.7,  372.8,  367.5,  361.7,  355.3,  347.6,  345.6,  351.3,  355.8,  359.3,  362.8,  343.6,  337.3,  330.6,  324.2,  336.4,  334.0,  331.8,  333.3,  335.0,  361.8,  359.0,  357.9,  356.5,  356.1,  357.2,  353.6,  353.1,  353.6,  355.7,  352.8,  352.4,  347.9,  336.6,  331.3,  329.0,  329.2,  335.0,  344.5,  334.3,  328.8,  328.2,  330.1,  336.7,  345.5,  332.5,  330.6,  330.5,  342.6,  331.0,  330.7,  332.9,  2.476,  -0.066,  0.045,  0.016,  649.361,  443.471,  -8.730,  -1.701,  -9.510,  -13.112,  -5.916,  -7.544,  -0.160,  0.047,  -0.542,  -5.301,  -7.879,  -10.160,  9.914,  -3.378,  2.160,  1.496,  1.115,  -3.549,  -7.061,  -7.039,  2.491,  0.500,  4.073,  -3.055,  -1.646,  2.772,  -0.568,  0.052,  -0.173,  -1.221,  0.976,  -0.408,  -0.523,  0.647, 0.00, 0.00, 0.00, 0.00, 0.05, 0.72, 0.39, 0.08, 0.08, 0.00, 0.00, 0.33, 0.01, 0.00, 1.52, 0.32, 2.35, 0.00, 0.00, 0.00, 0.00, 0.00, 0.00, 0.00, 0.00, 0.00, 0.00, 0.00, 0.00, 0.00, 0.00, 0.00, 0.00, 0.00, 1.00
49,  0,  1.602,  0.98,  1,  0.110347,  0.071969,  -0.991284,  -0.104194,  0.065540,  -0.992395,  0.003,  0.069,  558.3,  562.0,  572.6,  583.9,  589.3,  586.5,  575.0,  563.6,  543.7,  550.7,  559.8,  570.9,  582.5,  592.2,  599.8,  592.3,  582.0,  570.8,  560.0,  550.8,  569.5,  574.5,  579.1,  580.8,  578.4,  573.4,  568.7,  567.1,  712.9,  717.5,  728.7,  739.9,  744.5,  739.9,  728.7,  716.6,  700.7,  709.2,  719.7,  731.0,  741.5,  750.3,  757.4,  751.1,  742.3,  731.6,  720.0,  708.9,  723.3,  728.3,  733.2,  735.3,  733.2,  728.3,  723.3,  721.3,  349.1,  337.6,  331.9,  335.5,  346.3,  358.7,  363.4,  359.8,  352.3,  347.6,  343.9,  341.7,  342.5,  345.3,  349.6,  352.2,  352.9,  353.8,  354.2,  353.9,  353.6,  355.2,  352.7,  347.6,  342.9,  341.3,  343.7,  348.8,  346.0,  336.2,  333.0,  338.2,  348.9,  358.7,  361.9,  357.7,  349.3,  346.2,  343.8,  343.4,  345.5,  349.4,  354.2,  354.9,  354.1,  353.0,  352.2,  351.9,  352.6,  355.0,  353.5,  349.2,  344.5,  342.2,  343.6,  347.9,  -32.4,  -31.0,  -26.8,  -22.3,  -20.1,  -21.2,  -25.7,  -30.2,  -38.7,  -35.6,  -31.7,  -27.3,  -22.7,  -18.9,  -16.0,  -18.9,  -22.8,  -27.2,  -31.6,  -35.5,  -28.0,  -26.0,  -24.1,  -23.5,  -24.5,  -26.5,  -28.4,  -29.0,  28.2,  30.2,  34.8,  39.1,  40.7,  38.6,  34.2,  29.5,  23.6,  26.8,  30.8,  35.2,  39.5,  43.2,  46.3,  43.4,  39.5,  35.2,  30.8,  26.6,  32.3,  34.2,  36.2,  37.1,  36.4,  34.5,  32.5,  31.6,  -4.3,  -8.9,  -11.2,  -9.7,  -5.4,  -0.5,  1.4,  -0.1,  -3.1,  -4.9,  -6.4,  -7.2,  -6.9,  -5.8,  -4.1,  -3.1,  -2.8,  -2.4,  -2.3,  -2.4,  -2.6,  -1.9,  -2.9,  -4.9,  -6.8,  -7.5,  -6.5,  -4.4,  -5.4,  -9.3,  -10.6,  -8.5,  -4.3,  -0.5,  0.7,  -0.9,  -4.2,  -5.4,  -6.3,  -6.4,  -5.6,  -4.2,  -2.3,  -2.0,  -2.3,  -2.7,  -3.0,  -3.1,  -2.9,  -2.0,  -2.5,  -4.2,  -6.1,  -7.0,  -6.4,  -4.7,  347.1,  347.9,  348.1,  347.5,  346.5,  345.9,  345.5,  346.1,  351.5,  348.7,  346.3,  345.0,  345.2,  346.2,  347.6,  345.7,  344.2,  344.0,  345.4,  348.1,  347.3,  347.0,  347.1,  347.5,  348.0,  348.2,  348.1,  347.8,  339.0,  341.5,  343.1,  342.9,  341.0,  338.5,  336.9,  337.2,  339.8,  338.8,  338.2,  338.6,  340.1,  342.5,  345.4,  341.5,  338.4,  336.6,  336.4,  337.7,  339.5,  339.4,  340.1,  341.2,  342.0,  342.1,  341.4,  340.3,  3.5,  31.8,  342.4,  -0.195,  0.045,  0.015,  467.1,  468.3,  473.5,  483.1,  500.1,  526.9,  559.6,  598.5,  645.3,  692.5,  735.2,  772.0,  800.9,  818.4,  827.0,  833.8,  838.3,  503.3,  521.9,  549.7,  580.2,  609.2,  690.8,  723.6,  753.9,  782.3,  801.5,  650.4,  650.0,  649.4,  648.8,  612.2,  629.9,  648.2,  667.2,  684.3,  540.8,  560.8,  581.9,  600.7,  581.5,  561.0,  699.7,  718.9,  740.6,  759.5,  741.0,  720.2,  581.5,  603.6,  628.9,  646.9,  667.0,  693.6,  715.2,  693.3,  667.6,  645.8,  625.8,  601.8,  592.4,  628.0,  646.5,  666.7,  704.8,  666.5,  645.9,  627.0,  373.5,  421.2,  468.5,  513.0,  551.7,  584.8,  608.5,  627.3,  635.8,  633.6,  619.8,  596.0,  561.4,  516.5,  466.1,  414.9,  365.4,  322.4,  299.1,  288.4,  289.3,  294.7,  293.9,  287.5,  287.4,  297.3,  317.9,  337.1,  364.4,  391.1,  418.9,  442.5,  448.8,  454.1,  449.3,  444.6,  352.3,  343.7,  342.4,  349.5,  353.9,  354.9,  349.7,  342.4,  344.2,  352.0,  355.5,  354.4,  514.8,  491.3,  481.9,  486.3,  482.8,  494.9,  516.4,  537.8,  545.7,  546.7,  544.4,  534.9,  513.9,  500.8,  502.1,  501.4,  516.0,  519.8,  520.8,  518.9,  -79.4,  -78.4,  -75.9,  -71.1,  -62.2,  -48.9,  -33.2,  -16.4,  2.1,  21.0,  39.8,  57.0,  70.8,  79.0,  82.5,  85.5,  88.3,  -57.9,  -49.3,  -37.1,  -24.2,  -12.2,  20.0,  33.4,  46.0,  58.0,  66.5,  4.1,  3.8,  3.5,  3.2,  -10.6,  -3.8,  3.1,  10.3,  16.9,  -40.8,  -32.3,  -23.6,  -15.9,  -23.7,  -32.1,  24.0,  31.7,  40.4,  48.2,  40.4,  32.1,  -23.2,  -13.9,  -4.2,  2.6,  10.1,  20.4,  29.5,  20.2,  10.3,  2.2,  -5.3,  -14.6,  -18.8,  -4.5,  2.4,  10.0,  25.3,  10.0,  2.2,  -4.9,  6.2,  28.0,  49.5,  69.4,  85.2,  97.2,  102.6,  105.7,  108.1,  109.4,  108.7,  101.9,  88.7,  69.3,  46.8,  24.2,  2.4,  -15.9,  -25.4,  -29.4,  -28.6,  -25.9,  -26.0,  -29.0,  -29.3,  -25.6,  -17.3,  -8.9,  1.7,  11.7,  21.7,  31.5,  33.7,  35.4,  33.8,  32.2,  -3.2,  -6.6,  -7.1,  -4.3,  -2.5,  -2.1,  -4.1,  -7.1,  -6.4,  -3.2,  -1.8,  -2.2,  61.4,  50.3,  45.9,  47.2,  45.9,  51.4,  61.3,  67.6,  69.4,  69.7,  69.3,  67.0,  60.6,  53.3,  53.4,  53.1,  60.8,  60.1,  60.4,  60.2,  402.0,  399.7,  399.2,  396.7,  389.0,  378.1,  361.3,  346.0,  343.0,  349.8,  366.0,  378.0,  385.3,  387.5,  386.2,  386.2,  389.6,  370.5,  365.2,  359.6,  353.6,  346.5,  344.4,  349.6,  353.6,  356.8,  360.0,  341.7,  335.3,  328.4,  321.9,  334.4,  331.7,  329.5,  331.1,  332.9,  359.8,  357.2,  356.0,  354.5,  354.1,  355.4,  351.4,  350.8,  351.3,  353.2,  350.4,  350.0,  347.1,  335.3,  329.5,  327.3,  327.3,  333.3,  342.9,  332.5,  326.8,  326.4,  328.5,  335.3,  344.8,  330.9,  328.9,  328.8,  341.0,  329.1,  328.9,  331.2,  2.491,  -0.066,  0.053,  0.013,  649.307,  443.429,  -13.769,  -1.145,  -7.686,  -10.474,  -6.196,  -5.701,  2.134,  0.221,  1.531,  -5.156,  -7.174,  -8.545,  10.009,  -3.984,  3.267,  2.273,  3.528,  -2.758,  -4.919,  -5.452,  1.665,  -0.585,  3.524,  -2.609,  -1.024,  2.856,  -0.146,  0.137,  0.521,  -0.814,  0.998,  -0.698,  -0.033,  0.254, 0.00, 0.00, 0.00, 0.00, 0.05, 1.05, 0.26, 0.09, 0.08, 0.00, 0.00, 0.14, 0.01, 0.00, 1.79, 0.64, 1.43, 0.00, 0.00, 0.00, 0.00, 0.00, 0.00, 0.00, 0.00, 0.00, 0.00, 0.00, 0.00, 0.00, 0.00, 1.00, 0.00, 0.00, 1.00
50,  0,  1.635,  0.98,  1,  0.104174,  0.032931,  -0.994014,  -0.142461,  0.038542,  -0.989050,  -0.019,  0.036,  555.7,  560.2,  571.9,  584.2,  589.7,  586.3,  573.5,  561.3,  542.9,  549.0,  557.8,  569.3,  582.1,  592.3,  599.9,  591.3,  580.5,  568.7,  558.1,  549.5,  567.3,  573.5,  579.6,  581.8,  579.0,  572.8,  566.8,  564.5,  710.5,  715.1,  726.8,  738.8,  744.1,  739.5,  727.8,  714.8,  700.3,  708.1,  718.4,  730.9,  742.0,  750.7,  756.9,  751.2,  743.0,  732.7,  720.8,  709.3,  721.5,  727.0,  732.3,  734.4,  732.0,  726.5,  721.2,  719.2,  346.8,  334.1,  328.1,  332.2,  344.1,  357.7,  362.8,  358.7,  351.1,  344.8,  340.2,  337.4,  338.4,  342.5,  349.5,  351.7,  352.7,  353.5,  353.6,  353.0,  352.6,  354.8,  351.7,  345.3,  339.2,  337.0,  340.1,  346.5,  344.0,  332.6,  328.6,  334.2,  346.2,  357.5,  361.6,  357.0,  349.4,  343.6,  339.7,  338.5,  340.9,  345.2,  351.0,  352.5,  352.5,  352.2,  351.8,  351.5,  351.0,  353.5,  351.7,  346.5,  341.1,  338.5,  340.4,  345.5,  -30.8,  -29.2,  -24.9,  -20.3,  -18.3,  -19.5,  -24.1,  -28.7,  -36.0,  -33.5,  -30.0,  -25.6,  -21.0,  -17.3,  -14.6,  -17.6,  -21.5,  -25.8,  -29.8,  -33.2,  -26.6,  -24.2,  -22.0,  -21.2,  -22.3,  -24.6,  -26.8,  -27.6,  25.7,  27.5,  32.0,  36.4,  38.2,  36.3,  31.8,  27.1,  21.9,  24.7,  28.5,  33.0,  37.3,  40.8,  43.5,  40.9,  37.5,  33.5,  29.2,  25.1,  29.7,  31.7,  33.8,  34.6,  33.8,  31.8,  29.8,  28.9,  -4.8,  -9.5,  -11.7,  -10.1,  -5.8,  -0.8,  1.0,  -0.5,  -3.3,  -5.6,  -7.2,  -8.2,  -7.8,  -6.3,  -3.8,  -3.0,  -2.7,  -2.4,  -2.3,  -2.6,  -2.7,  -1.9,  -3.0,  -5.4,  -7.6,  -8.4,  -7.3,  -4.9,  -5.8,  -10.0,  -11.6,  -9.5,  -5.1,  -0.9,  0.6,  -1.1,  -3.8,  -6.0,  -7.4,  -7.8,  -7.0,  -5.5,  -3.3,  -2.8,  -2.7,  -2.8,  -3.0,  -3.1,  -3.3,  -2.4,  -3.1,  -5.0,  -7.0,  -7.9,  -7.2,  -5.3,  319.9,  320.4,  320.0,  318.9,  317.8,  317.5,  317.8,  318.8,  324.2,  321.6,  319.0,  317.4,  317.1,  317.5,  318.3,  317.2,  316.4,  316.7,  318.6,  321.3,  319.7,  319.1,  318.9,  319.2,  319.8,  320.3,  320.5,  320.3,  318.2,  320.3,  321.9,  322.2,  321.0,  318.9,  317.2,  317.0,  318.0,  317.6,  317.5,  318.2,  320.0,  322.7,  325.4,  322.0,  318.8,  316.6,  316.0,  316.7,  319.2,  319.3,  320.0,  321.0,  321.6,  321.4,  320.7,  319.7,  3.3,  31.7,  341.5,  -0.197,  0.046,  0.015,  466.7,  467.9,  473.5,  483.2,  499.8,  526.0,  559.1,  598.9,  645.8,  692.6,  734.5,  770.9,  799.9,  817.8,  826.8,  833.6,  837.9,  502.2,  521.3,  549.4,  580.0,  608.7,  689.8,  722.6,  753.3,  781.9,  801.2,  649.5,  649.3,  648.8,  648.3,  612.6,  630.0,  647.8,  666.4,  683.2,  539.4,  559.3,  581.6,  600.4,  580.9,  559.2,  699.1,  718.3,  740.9,  759.7,  741.9,  720.1,  581.7,  603.4,  628.5,  646.4,  666.4,  693.3,  714.9,  693.4,  667.6,  645.8,  625.8,  601.8,  592.9,  627.6,  646.0,  666.1,  704.4,  666.2,  645.6,  626.7,  374.1,  421.2,  467.6,  511.5,  550.4,  584.4,  610.1,  630.3,  638.7,  636.4,  622.4,  598.0,  563.0,  517.9,  467.1,  415.1,  364.4,  322.1,  298.6,  288.4,  289.1,  294.7,  293.9,  286.7,  286.4,  296.4,  317.6,  335.7,  363.1,  390.0,  418.1,  443.3,  449.2,  454.2,  449.5,  444.9,  350.7,  339.9,  339.0,  348.9,  353.4,  354.4,  348.9,  338.4,  339.8,  349.7,  354.2,  353.4,  516.1,  491.9,  482.3,  486.6,  483.1,  495.4,  517.4,  539.9,  547.9,  548.9,  546.6,  536.6,  515.1,  501.0,  502.2,  501.5,  516.8,  522.7,  523.6,  521.6,  -79.2,  -78.2,  -75.4,  -70.5,  -61.9,  -49.0,  -33.4,  -16.2,  2.3,  20.9,  39.2,  56.1,  69.9,  78.2,  82.1,  85.2,  87.8,  -58.1,  -49.4,  -37.1,  -24.2,  -12.4,  19.6,  32.9,  45.6,  57.7,  66.1,  3.7,  3.5,  3.3,  3.0,  -10.5,  -3.8,  2.9,  9.9,  16.4,  -41.3,  -32.9,  -23.7,  -16.0,  -23.9,  -32.8,  23.7,  31.3,  40.4,  48.2,  40.7,  32.0,  -23.0,  -14.0,  -4.3,  2.4,  9.8,  20.2,  29.2,  20.2,  10.3,  2.2,  -5.3,  -14.6,  -18.5,  -4.7,  2.2,  9.8,  25.0,  9.8,  2.1,  -5.0,  6.4,  27.8,  48.8,  68.1,  84.0,  96.5,  103.1,  106.8,  108.9,  109.9,  108.9,  102.0,  88.7,  69.5,  47.1,  24.3,  2.0,  -16.0,  -25.5,  -29.3,  -28.6,  -25.8,  -26.0,  -29.2,  -29.7,  -25.8,  -17.4,  -9.5,  1.2,  11.2,  21.3,  31.7,  33.7,  35.3,  33.7,  32.2,  -3.8,  -8.2,  -8.5,  -4.5,  -2.7,  -2.3,  -4.5,  -8.7,  -8.1,  -4.1,  -2.3,  -2.6,  61.7,  50.4,  45.9,  47.2,  45.9,  51.4,  61.4,  68.1,  70.0,  70.4,  70.0,  67.5,  60.9,  53.1,  53.3,  53.0,  60.8,  61.0,  61.4,  61.1,  400.0,  397.6,  396.4,  393.6,  386.3,  376.1,  360.8,  345.7,  341.9,  347.9,  363.2,  374.8,  382.4,  385.2,  384.7,  384.9,  388.1,  368.9,  363.9,  358.5,  352.6,  346.1,  344.0,  348.7,  352.5,  355.6,  358.7,  341.0,  334.3,  327.4,  320.7,  333.5,  330.7,  328.4,  329.8,  331.5,  359.3,  356.8,  355.5,  353.7,  353.5,  355.1,  350.6,  350.1,  350.6,  352.4,  349.4,  349.1,  346.0,  334.2,  328.4,  326.2,  326.1,  331.9,  341.1,  331.4,  326.0,  325.9,  328.1,  334.6,  343.7,  329.7,  327.7,  327.4,  339.3,  328.3,  328.4,  330.6,  2.499,  -0.070,  0.054,  0.013,  648.911,  443.566,  -18.017,  -3.337,  -7.182,  -7.966,  -5.830,  -6.606,  3.042,  0.370,  3.820,  -5.276,  -6.700,  -7.466,  8.601,  -3.455,  3.560,  1.842,  4.364,  -1.086,  -3.336,  -4.360,  -0.190,  0.293,  2.248,  -1.554,  -0.371,  2.449,  -0.763,  0.314,  0.358,  -0.565,  0.664,  -0.821,  -0.176,  0.181, 0.00, 0.00, 0.00, 0.00, 0.05, 1.03, 0.12, 0.08, 0.08, 0.00, 0.00, 0.11, 0.01, 0.00, 1.94, 0.90, 0.61, 0.00, 0.00, 0.00, 0.00, 0.00, 0.00, 0.00, 0.00, 0.00, 0.00, 0.00, 0.00, 0.00, 0.00, 1.00, 0.00, 0.00, 1.00
51,  0,  1.668,  0.98,  1,  0.018322,  -0.067904,  -0.997524,  -0.164955,  0.026955,  -0.985933,  -0.074,  -0.021,  552.6,  557.9,  569.9,  581.5,  585.9,  581.4,  568.6,  557.0,  541.5,  548.1,  557.5,  569.3,  581.5,  591.3,  597.8,  590.3,  579.5,  567.7,  556.9,  547.8,  564.2,  569.2,  574.5,  576.8,  574.8,  569.8,  564.6,  562.2,  709.5,  714.1,  726.4,  739.1,  744.9,  740.3,  728.0,  714.2,  700.5,  707.9,  718.0,  731.1,  743.1,  752.0,  758.2,  752.5,  744.5,  734.0,  721.5,  709.7,  720.7,  727.1,  733.2,  735.5,  732.6,  726.2,  720.1,  717.8,  341.9,  331.3,  326.7,  330.7,  341.2,  352.9,  356.4,  352.3,  349.8,  342.8,  337.9,  335.3,  336.9,  341.6,  348.6,  351.4,  351.9,  352.4,  352.8,  352.4,  347.4,  349.2,  347.2,  342.5,  338.0,  336.2,  338.2,  342.9,  343.3,  330.9,  326.0,  331.5,  344.0,  356.4,  361.3,  356.9,  348.8,  341.6,  337.1,  335.5,  337.8,  342.2,  348.8,  351.0,  351.8,  352.0,  351.6,  351.1,  350.6,  353.3,  350.8,  344.6,  338.3,  335.6,  338.1,  344.3,  -32.7,  -30.9,  -26.4,  -22.0,  -20.1,  -21.7,  -26.4,  -30.8,  -37.1,  -34.5,  -30.8,  -26.3,  -21.8,  -18.2,  -15.7,  -18.4,  -22.3,  -26.7,  -30.8,  -34.5,  -28.3,  -26.4,  -24.4,  -23.6,  -24.4,  -26.4,  -28.3,  -29.1,  24.1,  25.9,  30.3,  34.8,  36.8,  34.9,  30.5,  25.7,  21.0,  23.6,  27.1,  31.7,  36.1,  39.5,  42.0,  39.6,  36.4,  32.5,  28.2,  24.1,  28.1,  30.4,  32.6,  33.5,  32.5,  30.3,  28.0,  27.2,  -6.8,  -10.8,  -12.6,  -11.0,  -7.0,  -2.6,  -1.3,  -2.8,  -3.9,  -6.4,  -8.2,  -9.2,  -8.6,  -6.9,  -4.3,  -3.2,  -3.0,  -2.8,  -2.7,  -2.8,  -4.7,  -4.0,  -4.8,  -6.5,  -8.2,  -8.9,  -8.2,  -6.4,  -5.8,  -10.2,  -11.9,  -10.0,  -5.6,  -1.3,  0.4,  -1.1,  -3.9,  -6.4,  -7.9,  -8.5,  -7.8,  -6.3,  -4.0,  -3.2,  -2.9,  -2.8,  -2.9,  -3.1,  -3.3,  -2.3,  -3.2,  -5.4,  -7.6,  -8.6,  -7.7,  -5.5,  327.2,  329.2,  329.5,  328.0,  325.7,  323.8,  323.4,  324.8,  329.5,  328.1,  326.4,  325.6,  325.7,  326.1,  326.5,  324.6,  323.0,  322.8,  324.3,  326.8,  326.5,  325.8,  326.0,  326.8,  327.9,  328.5,  328.4,  327.5,  304.0,  305.7,  307.2,  307.6,  306.7,  305.0,  303.5,  303.2,  304.0,  303.7,  303.8,  304.5,  306.3,  308.8,  311.2,  308.2,  305.1,  302.9,  302.3,  302.9,  305.0,  305.2,  306.0,  306.8,  307.3,  307.1,  306.3,  305.5,  3.2,  31.5,  340.6,  -0.201,  0.048,  0.014,  466.6,  468.0,  474.1,  483.9,  500.7,  526.9,  559.7,  599.0,  645.6,  692.2,  734.2,  770.8,  799.8,  817.7,  826.7,  833.5,  837.5,  501.0,  520.6,  549.1,  579.7,  608.5,  689.5,  722.1,  752.7,  781.3,  800.6,  649.2,  648.9,  648.4,  647.9,  612.5,  629.8,  647.5,  666.0,  682.8,  538.1,  557.9,  580.9,  599.8,  580.0,  557.6,  699.3,  718.5,  741.7,  760.6,  743.0,  720.6,  581.5,  603.3,  628.3,  646.2,  666.4,  693.5,  715.3,  693.7,  667.7,  645.7,  625.7,  601.8,  592.6,  627.4,  645.9,  666.3,  704.8,  666.4,  645.5,  626.6,  373.0,  420.8,  467.8,  512.0,  551.2,  585.3,  611.0,  630.9,  639.0,  637.0,  623.2,  599.1,  563.9,  518.7,  467.8,  415.7,  364.6,  322.2,  298.5,  288.5,  289.0,  294.5,  293.8,  286.4,  286.1,  295.8,  316.9,  334.5,  362.3,  389.6,  418.0,  444.0,  449.6,  454.3,  449.7,  445.1,  349.6,  337.6,  336.8,  348.1,  352.8,  353.7,  348.1,  336.0,  337.2,  348.3,  353.1,  352.6,  516.5,  492.5,  483.0,  487.2,  483.7,  495.8,  517.4,  539.4,  547.3,  548.3,  546.1,  536.4,  515.5,  501.3,  502.5,  501.7,  516.8,  522.7,  523.7,  521.7,  -79.3,  -78.1,  -75.0,  -70.0,  -61.3,  -48.4,  -33.0,  -16.1,  2.2,  20.7,  38.9,  55.7,  69.5,  77.9,  81.8,  84.9,  87.4,  -58.5,  -49.5,  -37.2,  -24.3,  -12.4,  19.4,  32.7,  45.3,  57.2,  65.5,  3.6,  3.4,  3.2,  2.9,  -10.5,  -3.8,  2.8,  9.8,  16.2,  -41.8,  -33.4,  -24.0,  -16.2,  -24.2,  -33.4,  23.7,  31.4,  40.7,  48.5,  41.0,  32.1,  -23.1,  -14.0,  -4.4,  2.3,  9.8,  20.2,  29.3,  20.3,  10.3,  2.1,  -5.3,  -14.6,  -18.5,  -4.7,  2.2,  9.8,  25.0,  9.9,  2.1,  -5.1,  5.9,  27.6,  48.7,  68.2,  84.1,  96.4,  103.2,  106.7,  108.6,  109.6,  108.7,  101.9,  88.7,  69.5,  47.2,  24.4,  2.0,  -15.9,  -25.5,  -29.3,  -28.6,  -25.9,  -26.0,  -29.3,  -29.7,  -26.0,  -17.6,  -9.9,  0.9,  11.1,  21.2,  31.9,  33.7,  35.3,  33.7,  32.1,  -4.3,  -9.1,  -9.4,  -4.8,  -2.9,  -2.6,  -4.7,  -9.6,  -9.1,  -4.7,  -2.7,  -3.0,  61.7,  50.5,  46.1,  47.3,  46.0,  51.4,  61.1,  67.8,  69.6,  69.9,  69.6,  67.2,  60.9,  53.1,  53.2,  52.9,  60.6,  60.9,  61.3,  60.9,  399.8,  397.2,  395.6,  392.4,  384.9,  374.6,  359.7,  344.6,  340.5,  346.3,  361.4,  373.0,  380.6,  383.4,  383.3,  383.8,  387.0,  368.1,  363.1,  357.9,  351.9,  345.6,  343.9,  348.1,  351.7,  354.3,  357.0,  340.5,  333.6,  326.4,  319.5,  332.6,  329.6,  327.2,  328.4,  330.1,  358.7,  356.2,  354.8,  352.9,  352.9,  354.5,  350.0,  349.5,  349.9,  351.6,  348.7,  348.4,  345.0,  333.3,  327.6,  325.4,  325.4,  331.2,  339.9,  330.4,  325.0,  324.9,  327.0,  333.5,  342.7,  328.8,  326.8,  326.6,  338.1,  327.4,  327.4,  329.6,  2.506,  -0.074,  0.057,  0.012,  648.788,  443.422,  -18.942,  -3.156,  -7.345,  -7.326,  -5.398,  -4.954,  3.164,  0.989,  4.815,  -5.653,  -6.647,  -6.255,  8.447,  -2.717,  2.692,  1.118,  4.626,  -0.369,  -2.574,  -3.862,  -0.382,  0.996,  1.682,  -0.922,  0.273,  1.913,  -0.664,  0.254,  0.174,  -0.372,  0.686,  -0.885,  -0.113,  0.291, 0.00, 0.00, 0.00, 0.00, 0.00, 0.79, 0.00, 0.02, 0.03, 0.00, 0.00, 0.12, 0.04, 0.00, 2.03, 1.06, 0.15, 0.00, 0.00, 0.00, 1.00, 0.00, 0.00, 0.00, 0.00, 0.00, 0.00, 0.00, 0.00, 0.00, 0.00, 1.00, 0.00, 0.00, 0.00
52,  0,  1.702,  0.98,  1,  0.009444,  -0.063666,  -0.997927,  -0.163432,  0.016479,  -0.986417,  -0.077,  -0.024,  552.3,  557.2,  568.8,  580.4,  585.1,  581.1,  568.7,  557.1,  540.6,  547.6,  557.4,  569.2,  581.3,  590.7,  597.1,  590.1,  579.7,  568.1,  557.1,  547.4,  563.8,  568.8,  573.9,  576.0,  573.9,  568.9,  563.8,  561.7,  709.2,  713.8,  726.3,  739.5,  745.6,  741.0,  728.5,  714.3,  700.8,  707.6,  717.6,  731.0,  743.5,  752.8,  759.4,  753.2,  744.7,  734.0,  721.3,  709.7,  720.7,  727.6,  734.2,  736.5,  733.3,  726.4,  719.9,  717.5,  341.1,  330.7,  326.2,  330.2,  340.5,  352.0,  355.5,  351.4,  348.7,  341.5,  336.6,  334.1,  335.9,  340.9,  347.9,  351.0,  351.4,  351.9,  352.2,  351.6,  346.5,  348.3,  346.3,  341.8,  337.3,  335.5,  337.5,  342.1,  342.7,  329.9,  324.4,  329.4,  341.9,  354.7,  360.2,  356.3,  348.4,  340.4,  335.5,  333.8,  336.1,  340.5,  347.4,  349.8,  350.9,  351.3,  351.1,  350.6,  349.8,  352.4,  349.5,  342.9,  336.3,  333.7,  336.6,  343.3,  -33.1,  -31.4,  -27.1,  -22.6,  -20.7,  -22.0,  -26.6,  -31.1,  -37.7,  -34.9,  -31.1,  -26.6,  -22.1,  -18.6,  -16.2,  -18.7,  -22.5,  -26.8,  -31.0,  -34.9,  -28.7,  -26.8,  -24.9,  -24.2,  -25.0,  -27.0,  -28.9,  -29.6,  23.9,  25.6,  30.1,  34.7,  36.7,  34.9,  30.5,  25.6,  21.0,  23.3,  26.8,  31.4,  35.9,  39.4,  42.0,  39.5,  36.2,  32.3,  27.9,  24.0,  27.9,  30.3,  32.7,  33.6,  32.5,  30.1,  27.8,  26.9,  -7.1,  -11.1,  -12.9,  -11.3,  -7.3,  -3.0,  -1.7,  -3.2,  -4.3,  -7.0,  -8.8,  -9.7,  -9.1,  -7.2,  -4.6,  -3.4,  -3.2,  -3.0,  -2.9,  -3.2,  -5.1,  -4.4,  -5.1,  -6.9,  -8.6,  -9.3,  -8.5,  -6.8,  -6.0,  -10.4,  -12.4,  -10.7,  -6.3,  -1.8,  0.1,  -1.3,  -4.0,  -6.7,  -8.4,  -9.1,  -8.3,  -6.8,  -4.4,  -3.6,  -3.2,  -3.0,  -3.1,  -3.2,  -3.5,  -2.6,  -3.6,  -6.0,  -8.3,  -9.2,  -8.1,  -5.8,  330.0,  332.0,  332.7,  331.6,  329.4,  327.5,  326.8,  327.8,  332.2,  330.9,  329.5,  329.0,  329.5,  330.2,  330.9,  328.7,  326.7,  326.1,  327.3,  329.6,  329.6,  329.2,  329.5,  330.3,  331.3,  331.7,  331.5,  330.6,  302.0,  303.5,  304.6,  304.8,  303.9,  302.4,  301.3,  301.2,  302.4,  302.0,  301.9,  302.2,  303.6,  305.8,  307.8,  305.3,  302.6,  300.6,  300.3,  301.2,  302.8,  302.9,  303.5,  304.3,  304.8,  304.7,  304.1,  303.3,  3.1,  31.4,  339.3,  -0.195,  0.049,  0.014,  466.5,  467.8,  473.9,  483.8,  500.5,  526.4,  559.2,  598.5,  645.3,  692.2,  734.3,  771.1,  800.2,  818.0,  827.0,  833.7,  837.7,  500.7,  520.1,  548.5,  579.1,  608.0,  689.4,  722.1,  752.9,  781.4,  800.5,  648.9,  648.6,  648.1,  647.5,  612.6,  629.8,  647.4,  665.6,  682.3,  537.7,  557.5,  580.7,  599.8,  579.9,  557.2,  699.2,  718.5,  742.0,  761.0,  743.4,  720.7,  581.5,  603.1,  628.3,  645.9,  665.8,  693.2,  715.4,  693.5,  667.2,  645.6,  625.8,  601.7,  592.7,  627.5,  645.7,  665.6,  704.8,  665.8,  645.3,  626.7,  372.3,  419.8,  466.4,  510.4,  549.7,  584.4,  611.1,  632.0,  640.4,  638.3,  623.9,  599.1,  563.5,  518.2,  467.5,  415.5,  364.4,  322.4,  298.6,  288.4,  288.8,  294.4,  293.6,  285.9,  285.6,  295.6,  317.1,  333.8,  361.5,  388.8,  417.2,  444.0,  449.4,  454.0,  449.4,  445.0,  348.8,  336.3,  335.5,  347.5,  352.2,  353.1,  347.4,  334.5,  335.6,  347.2,  352.3,  351.8,  516.8,  492.7,  483.0,  487.2,  483.6,  495.9,  517.6,  540.4,  548.4,  549.4,  547.2,  537.2,  515.9,  501.7,  502.9,  502.1,  517.1,  523.4,  524.4,  522.4,  -79.1,  -77.9,  -74.9,  -69.8,  -61.2,  -48.5,  -33.2,  -16.3,  2.1,  20.6,  38.9,  55.8,  69.5,  77.8,  81.7,  84.7,  87.1,  -58.3,  -49.5,  -37.3,  -24.4,  -12.6,  19.3,  32.5,  45.1,  57.0,  65.1,  3.4,  3.3,  3.0,  2.7,  -10.4,  -3.8,  2.7,  9.6,  15.9,  -41.8,  -33.5,  -24.0,  -16.2,  -24.2,  -33.4,  23.6,  31.2,  40.6,  48.4,  41.0,  32.0,  -23.0,  -14.0,  -4.3,  2.2,  9.5,  20.0,  29.2,  20.1,  10.1,  2.1,  -5.3,  -14.5,  -18.5,  -4.7,  2.1,  9.5,  24.9,  9.6,  2.0,  -5.0,  5.6,  27.1,  48.0,  67.2,  83.2,  95.9,  103.1,  107.1,  109.0,  109.9,  108.7,  101.7,  88.3,  69.1,  46.9,  24.3,  2.0,  -15.7,  -25.4,  -29.2,  -28.5,  -25.8,  -26.0,  -29.3,  -29.7,  -25.9,  -17.4,  -10.2,  0.6,  10.7,  20.8,  31.8,  33.5,  35.0,  33.4,  31.9,  -4.6,  -9.6,  -9.9,  -5.0,  -3.1,  -2.8,  -5.0,  -10.1,  -9.7,  -5.1,  -3.1,  -3.2,  61.7,  50.3,  45.8,  47.1,  45.7,  51.2,  61.0,  67.8,  69.7,  70.1,  69.7,  67.3,  60.9,  53.0,  53.1,  52.8,  60.5,  60.9,  61.2,  60.9,  398.7,  396.1,  394.4,  391.1,  383.9,  373.8,  359.4,  344.4,  340.0,  345.6,  360.5,  372.1,  379.6,  382.4,  382.2,  382.7,  385.6,  366.5,  361.5,  356.3,  350.2,  344.0,  342.3,  346.3,  349.9,  352.4,  355.1,  338.8,  331.8,  324.5,  317.5,  331.0,  328.0,  325.6,  326.8,  328.5,  357.5,  355.0,  353.4,  351.5,  351.6,  353.3,  348.5,  348.0,  348.3,  350.0,  347.1,  346.9,  344.1,  332.0,  326.0,  323.9,  323.8,  329.6,  338.6,  329.1,  323.7,  323.7,  325.8,  332.4,  341.7,  327.4,  325.4,  325.2,  336.8,  325.9,  326.0,  328.2,  2.516,  -0.068,  0.059,  0.013,  648.654,  443.270,  -17.840,  -3.564,  -6.617,  -6.017,  -5.898,  -5.542,  3.261,  1.066,  5.556,  -5.670,  -6.555,  -5.902,  8.347,  -3.328,  2.609,  0.652,  5.394,  0.447,  -1.856,  -3.652,  -0.359,  0.863,  1.843,  -0.476,  0.441,  1.543,  -0.523,  0.343,  0.067,  -0.219,  0.706,  -0.959,  -0.035,  0.305, 0.00, 0.00, 0.00, 0.00, 0.00, 0.70, 0.00, 0.02, 0.03, 0.00, 0.00, 0.12, 0.06, 0.00, 2.10, 1.23, 0.00, 0.00, 0.00, 0.00, 1.00, 0.00, 0.00, 0.00, 0.00, 0.00, 0.00, 0.00, 0.00, 0.00, 0.00, 1.00, 0.00, 0.00, 0.00
53,  0,  1.735,  0.98,  1,  0.012235,  -0.061239,  -0.998048,  -0.158565,  0.016946,  -0.987203,  -0.074,  -0.022,  551.9,  556.6,  568.2,  579.9,  584.8,  580.9,  568.5,  556.8,  540.1,  547.0,  556.9,  568.9,  581.1,  590.5,  596.7,  589.9,  579.3,  567.5,  556.5,  546.8,  563.4,  568.5,  573.6,  575.7,  573.5,  568.4,  563.3,  561.2,  709.4,  714.0,  726.7,  739.9,  746.0,  741.3,  728.6,  714.5,  701.3,  707.8,  717.6,  731.0,  743.7,  753.2,  759.9,  753.5,  744.8,  733.9,  721.2,  709.9,  721.1,  728.0,  734.6,  737.0,  733.8,  726.9,  720.3,  717.9,  341.2,  330.9,  326.3,  330.2,  340.3,  351.7,  355.2,  351.3,  348.6,  341.2,  336.1,  333.6,  335.6,  340.7,  347.8,  350.9,  351.3,  351.8,  352.1,  351.5,  346.6,  348.3,  346.3,  341.7,  337.3,  335.6,  337.6,  342.1,  342.6,  329.7,  324.0,  328.8,  341.4,  354.3,  360.0,  356.3,  348.4,  340.0,  335.0,  333.2,  335.5,  339.8,  346.9,  349.5,  350.8,  351.4,  351.2,  350.6,  349.5,  352.1,  349.1,  342.4,  335.8,  333.3,  336.3,  343.0,  -33.0,  -31.5,  -27.2,  -22.7,  -20.7,  -22.0,  -26.5,  -31.0,  -37.7,  -35.0,  -31.1,  -26.6,  -22.1,  -18.6,  -16.3,  -18.7,  -22.5,  -26.8,  -31.1,  -34.9,  -28.7,  -26.7,  -24.8,  -24.1,  -25.0,  -27.0,  -28.9,  -29.6,  24.1,  25.8,  30.3,  35.0,  37.0,  35.2,  30.7,  25.8,  21.3,  23.6,  27.0,  31.6,  36.1,  39.7,  42.3,  39.8,  36.4,  32.4,  28.1,  24.2,  28.2,  30.6,  33.0,  33.9,  32.8,  30.4,  28.1,  27.2,  -7.0,  -11.0,  -12.8,  -11.2,  -7.4,  -3.1,  -1.8,  -3.2,  -4.3,  -7.1,  -9.0,  -9.9,  -9.1,  -7.3,  -4.6,  -3.4,  -3.2,  -3.0,  -3.0,  -3.2,  -5.0,  -4.4,  -5.1,  -6.9,  -8.6,  -9.2,  -8.4,  -6.7,  -6.0,  -10.6,  -12.6,  -10.9,  -6.5,  -2.0,  -0.0,  -1.3,  -4.0,  -6.9,  -8.7,  -9.3,  -8.5,  -7.1,  -4.6,  -3.7,  -3.2,  -3.0,  -3.0,  -3.3,  -3.6,  -2.8,  -3.8,  -6.2,  -8.5,  -9.3,  -8.3,  -5.9,  328.1,  330.1,  330.9,  329.8,  327.6,  325.6,  324.8,  325.8,  330.4,  329.2,  327.9,  327.5,  327.9,  328.5,  329.1,  326.8,  324.8,  324.2,  325.4,  327.7,  327.7,  327.2,  327.5,  328.4,  329.4,  329.9,  329.6,  328.6,  304.0,  305.3,  306.2,  306.1,  305.3,  304.0,  303.1,  303.3,  304.6,  304.1,  303.8,  303.9,  304.9,  307.0,  308.7,  306.6,  304.1,  302.3,  302.3,  303.3,  304.7,  304.7,  305.2,  305.8,  306.3,  306.3,  305.8,  305.2,  3.1,  31.5,  338.9,  -0.194,  0.046,  0.014,  466.1,  467.6,  474.1,  484.0,  500.4,  526.0,  558.9,  598.7,  645.5,  692.1,  733.7,  770.0,  799.0,  816.9,  826.2,  833.4,  837.5,  500.2,  519.9,  548.4,  579.0,  608.0,  689.1,  721.9,  752.6,  781.1,  800.4,  648.5,  648.4,  647.9,  647.4,  612.5,  629.8,  647.4,  665.6,  682.3,  537.1,  556.9,  580.4,  599.6,  579.6,  556.7,  699.2,  718.5,  742.2,  761.3,  743.7,  720.9,  582.8,  603.5,  628.4,  646.4,  666.4,  693.5,  714.5,  694.2,  668.5,  646.5,  626.4,  602.4,  594.2,  627.7,  646.1,  666.3,  703.8,  666.8,  646.0,  627.0,  371.0,  419.1,  466.1,  510.3,  550.1,  585.2,  612.4,  633.5,  641.9,  640.0,  625.9,  601.1,  565.5,  519.8,  468.4,  415.5,  363.6,  322.3,  298.5,  288.6,  288.8,  294.0,  293.4,  286.1,  285.9,  295.7,  316.9,  333.7,  361.5,  389.0,  417.5,  444.3,  449.6,  454.1,  449.5,  445.1,  348.7,  335.9,  335.1,  347.4,  352.2,  353.1,  347.2,  334.0,  335.2,  346.9,  352.1,  351.7,  519.2,  493.2,  482.7,  487.0,  483.2,  496.1,  519.2,  542.9,  551.8,  553.0,  550.9,  540.5,  517.9,  501.9,  503.0,  502.2,  518.6,  526.0,  527.2,  525.1,  -78.8,  -77.7,  -74.5,  -69.5,  -61.1,  -48.6,  -33.3,  -16.2,  2.2,  20.6,  38.6,  55.2,  68.9,  77.2,  81.2,  84.4,  86.9,  -58.4,  -49.5,  -37.2,  -24.4,  -12.6,  19.2,  32.4,  45.0,  56.7,  64.9,  3.3,  3.2,  2.9,  2.7,  -10.4,  -3.8,  2.7,  9.6,  15.9,  -42.0,  -33.6,  -24.1,  -16.2,  -24.2,  -33.6,  23.6,  31.2,  40.7,  48.5,  41.1,  32.0,  -22.4,  -13.8,  -4.3,  2.4,  9.8,  20.1,  28.7,  20.4,  10.6,  2.4,  -5.1,  -14.2,  -17.8,  -4.6,  2.3,  9.8,  24.5,  10.0,  2.2,  -4.9,  5.0,  26.6,  47.6,  67.0,  83.2,  96.0,  103.5,  107.5,  109.4,  110.6,  109.5,  102.4,  89.1,  69.7,  47.3,  24.2,  1.6,  -15.7,  -25.4,  -29.0,  -28.4,  -25.9,  -26.0,  -29.2,  -29.6,  -25.9,  -17.5,  -10.2,  0.6,  10.8,  20.9,  31.9,  33.6,  35.0,  33.4,  31.9,  -4.6,  -9.8,  -10.0,  -5.1,  -3.1,  -2.8,  -5.1,  -10.3,  -9.9,  -5.3,  -3.1,  -3.3,  62.3,  50.4,  45.7,  46.9,  45.5,  51.2,  61.4,  68.7,  71.0,  71.4,  71.1,  68.5,  61.4,  53.0,  53.1,  52.7,  60.8,  61.8,  62.3,  61.9,  396.7,  394.3,  393.0,  389.9,  382.9,  373.0,  358.7,  343.9,  339.7,  345.5,  360.2,  371.7,  379.2,  382.0,  381.6,  382.0,  384.8,  365.6,  360.6,  355.5,  349.6,  343.6,  342.3,  346.2,  349.6,  351.9,  354.4,  338.6,  331.8,  324.7,  317.8,  330.9,  327.9,  325.6,  326.8,  328.4,  356.9,  354.4,  352.9,  350.9,  351.1,  352.9,  348.1,  347.6,  348.0,  349.8,  346.8,  346.6,  342.7,  331.0,  325.5,  323.3,  323.2,  328.9,  337.3,  328.8,  323.7,  323.9,  325.9,  331.8,  340.4,  327.0,  324.9,  324.6,  335.6,  325.8,  326.0,  328.2,  2.520,  -0.067,  0.054,  0.012,  648.649,  443.894,  -20.914,  -4.600,  -7.472,  -4.269,  -6.591,  -7.539,  4.646,  1.945,  6.621,  -6.815,  -6.244,  -6.517,  9.133,  -2.279,  2.505,  0.849,  5.378,  0.268,  -1.641,  -3.644,  0.065,  1.405,  1.117,  -0.770,  0.173,  1.380,  -0.478,  0.257,  0.072,  -0.191,  0.719,  -1.006,  -0.047,  0.326, 0.03, 0.02, 0.00, 0.00, 0.00, 0.57, 0.00, 0.06, 0.01, 0.00, 0.00, 0.09, 0.08, 0.00, 2.06, 1.37, 0.00, 0.00, 0.00, 0.00, 1.00, 0.00, 0.00, 0.00, 0.00, 0.00, 0.00, 0.00, 0.00, 0.00, 0.00, 1.00, 0.00, 0.00, 0.00
54,  0,  1.768,  0.98,  1,  0.014598,  -0.059993,  -0.998092,  -0.158894,  0.020200,  -0.987089,  -0.073,  -0.020,  552.2,  556.8,  568.2,  579.9,  584.9,  581.2,  568.9,  557.3,  540.1,  547.1,  557.0,  569.1,  581.2,  590.5,  596.8,  590.1,  579.7,  568.0,  556.9,  547.0,  563.7,  568.8,  573.8,  575.8,  573.6,  568.5,  563.5,  561.5,  709.9,  714.5,  727.1,  740.3,  746.2,  741.6,  729.0,  714.9,  701.9,  708.3,  718.1,  731.4,  744.0,  753.5,  760.1,  753.8,  745.2,  734.4,  721.7,  710.3,  721.5,  728.3,  734.8,  737.3,  734.1,  727.3,  720.8,  718.4,  341.5,  331.0,  326.4,  330.3,  340.6,  352.1,  355.7,  351.7,  348.9,  341.6,  336.6,  334.1,  335.9,  340.8,  347.7,  351.0,  351.6,  352.2,  352.5,  351.9,  346.8,  348.5,  346.5,  341.9,  337.5,  335.8,  337.8,  342.3,  342.8,  330.0,  324.3,  329.1,  341.6,  354.5,  360.2,  356.4,  348.2,  340.1,  335.2,  333.5,  335.7,  339.9,  346.9,  349.6,  351.1,  351.7,  351.5,  350.7,  349.7,  352.2,  349.2,  342.6,  336.1,  333.6,  336.5,  343.2,  -33.0,  -31.5,  -27.2,  -22.8,  -20.7,  -22.0,  -26.5,  -30.9,  -37.9,  -35.1,  -31.2,  -26.6,  -22.1,  -18.7,  -16.3,  -18.7,  -22.5,  -26.8,  -31.1,  -35.0,  -28.7,  -26.7,  -24.9,  -24.2,  -25.1,  -27.1,  -28.9,  -29.6,  24.4,  26.2,  30.7,  35.3,  37.3,  35.5,  31.0,  26.1,  21.7,  23.9,  27.3,  31.9,  36.5,  40.1,  42.6,  40.1,  36.8,  32.8,  28.4,  24.5,  28.6,  31.0,  33.3,  34.2,  33.2,  30.8,  28.4,  27.5,  -7.0,  -11.0,  -12.8,  -11.2,  -7.3,  -3.0,  -1.6,  -3.1,  -4.2,  -6.9,  -8.8,  -9.7,  -9.1,  -7.2,  -4.6,  -3.4,  -3.1,  -2.9,  -2.8,  -3.0,  -5.0,  -4.3,  -5.1,  -6.8,  -8.5,  -9.2,  -8.4,  -6.7,  -6.0,  -10.5,  -12.6,  -10.9,  -6.4,  -1.9,  0.1,  -1.2,  -4.1,  -7.0,  -8.7,  -9.3,  -8.5,  -7.1,  -4.7,  -3.7,  -3.1,  -2.9,  -3.0,  -3.2,  -3.6,  -2.7,  -3.8,  -6.1,  -8.4,  -9.3,  -8.3,  -5.9,  329.2,  331.2,  332.0,  331.1,  329.1,  327.2,  326.3,  327.2,  331.6,  330.4,  329.1,  328.7,  329.3,  330.1,  330.8,  328.5,  326.4,  325.7,  326.8,  329.0,  329.0,  328.6,  329.0,  329.8,  330.7,  331.1,  330.8,  329.9,  305.9,  307.1,  308.0,  308.0,  307.1,  306.0,  305.1,  305.3,  306.6,  306.1,  305.8,  305.8,  306.9,  308.9,  310.7,  308.5,  306.1,  304.3,  304.2,  305.3,  306.6,  306.6,  307.1,  307.7,  308.2,  308.2,  307.7,  307.1,  3.2,  31.7,  338.6,  -0.198,  0.046,  0.015,  466.4,  467.8,  474.1,  484.1,  500.3,  525.8,  558.7,  598.6,  645.6,  692.4,  734.2,  770.5,  799.5,  817.1,  826.3,  833.6,  837.9,  500.6,  520.2,  548.6,  579.1,  608.1,  689.9,  722.8,  753.2,  781.4,  800.7,  648.8,  648.7,  648.2,  647.7,  613.3,  630.3,  647.6,  665.5,  681.9,  537.3,  557.1,  580.5,  599.6,  579.8,  556.9,  699.7,  718.9,  742.6,  761.6,  744.0,  721.2,  583.8,  604.5,  628.9,  646.4,  665.9,  692.4,  712.9,  692.8,  667.7,  646.4,  626.7,  603.4,  595.3,  628.2,  646.2,  665.8,  702.2,  666.0,  645.9,  627.4,  371.2,  419.1,  466.1,  510.4,  550.2,  585.6,  612.8,  633.8,  642.0,  639.9,  625.3,  600.2,  564.7,  519.3,  468.4,  416.0,  364.4,  322.4,  298.9,  289.0,  289.3,  294.1,  293.6,  286.6,  286.5,  296.1,  316.9,  333.8,  361.6,  389.2,  417.7,  445.3,  450.5,  454.9,  450.5,  446.3,  349.0,  336.3,  335.3,  347.4,  352.5,  353.6,  347.1,  334.2,  335.4,  347.1,  352.4,  351.8,  521.2,  495.5,  484.8,  489.0,  485.2,  498.2,  521.1,  543.3,  551.4,  552.6,  550.5,  540.9,  519.9,  504.8,  505.8,  505.0,  520.5,  524.7,  525.7,  523.8,  -78.7,  -77.6,  -74.6,  -69.6,  -61.2,  -48.6,  -33.3,  -16.2,  2.2,  20.7,  38.7,  55.4,  69.1,  77.3,  81.3,  84.4,  86.9,  -58.2,  -49.3,  -37.1,  -24.3,  -12.5,  19.5,  32.8,  45.3,  56.9,  65.0,  3.4,  3.3,  3.1,  2.8,  -10.1,  -3.6,  2.8,  9.5,  15.7,  -41.8,  -33.6,  -24.0,  -16.2,  -24.2,  -33.5,  23.8,  31.3,  40.8,  48.6,  41.2,  32.2,  -21.9,  -13.4,  -4.1,  2.4,  9.6,  19.6,  28.0,  19.8,  10.2,  2.4,  -4.9,  -13.8,  -17.3,  -4.4,  2.3,  9.6,  23.8,  9.7,  2.2,  -4.7,  5.1,  26.6,  47.7,  67.1,  83.3,  96.1,  103.5,  107.5,  109.4,  110.5,  109.1,  102.0,  88.7,  69.6,  47.3,  24.4,  1.9,  -15.7,  -25.1,  -28.8,  -28.3,  -25.9,  -26.0,  -29.0,  -29.4,  -25.7,  -17.5,  -10.1,  0.6,  10.8,  20.9,  32.3,  33.9,  35.3,  33.8,  32.4,  -4.5,  -9.6,  -9.9,  -5.1,  -3.0,  -2.6,  -5.1,  -10.3,  -9.8,  -5.2,  -3.0,  -3.2,  62.9,  51.1,  46.4,  47.6,  46.2,  51.9,  61.9,  68.7,  70.7,  71.2,  70.8,  68.4,  62.0,  54.1,  54.1,  53.8,  61.4,  61.2,  61.6,  61.3,  396.4,  394.4,  393.4,  390.4,  383.1,  372.7,  358.1,  343.4,  339.3,  345.3,  360.1,  371.6,  379.2,  382.0,  381.5,  381.6,  384.1,  365.3,  360.3,  355.3,  349.5,  343.6,  342.4,  346.4,  349.7,  351.8,  354.1,  338.6,  331.8,  324.6,  317.7,  330.7,  327.9,  325.8,  326.9,  328.4,  356.7,  354.2,  352.6,  350.8,  351.0,  352.7,  348.2,  347.6,  348.0,  349.8,  346.9,  346.7,  341.5,  330.2,  325.1,  323.0,  322.9,  328.4,  336.4,  328.0,  323.3,  323.3,  325.3,  330.9,  339.1,  326.8,  324.8,  324.5,  334.6,  325.2,  325.3,  327.4,  2.521,  -0.068,  0.054,  0.013,  648.787,  444.393,  -19.997,  -3.604,  -11.416,  -3.680,  -6.956,  -7.285,  4.197,  1.581,  7.231,  -6.506,  -5.987,  -6.247,  9.365,  -2.689,  2.606,  0.945,  5.029,  0.661,  -1.130,  -4.237,  0.288,  0.768,  1.458,  -0.640,  -0.256,  1.339,  0.026,  0.198,  0.006,  -0.173,  0.756,  -0.904,  -0.029,  0.339, 0.08, 0.06, 0.00, 0.00, 0.00, 0.61, 0.00, 0.05, 0.00, 0.00, 0.01, 0.13, 0.03, 0.00, 1.59, 1.48, 0.00, 0.00, 0.00, 0.00, 1.00, 0.00, 0.00, 0.00, 0.00, 0.00, 0.00, 0.00, 0.00, 0.00, 0.00, 1.00, 0.00, 0.00, 0.00
55,  0,  1.802,  0.98,  1,  0.015220,  -0.052710,  -0.998494,  -0.121304,  -0.009777,  -0.992567,  -0.053,  -0.031,  552.4,  557.0,  568.5,  580.2,  585.2,  581.4,  569.1,  557.4,  540.4,  547.3,  557.1,  569.1,  581.2,  590.7,  597.0,  590.2,  579.6,  567.9,  556.8,  547.1,  564.0,  569.0,  574.0,  576.0,  573.8,  568.8,  563.8,  561.8,  711.9,  716.7,  728.9,  741.4,  746.8,  742.0,  729.8,  716.5,  702.9,  708.7,  718.1,  731.4,  744.2,  754.0,  760.4,  754.1,  744.8,  733.9,  721.4,  710.6,  723.8,  729.5,  735.0,  737.2,  734.8,  729.1,  723.6,  721.4,  341.8,  331.3,  326.6,  330.5,  340.7,  352.2,  355.8,  351.9,  349.2,  341.8,  336.7,  334.2,  336.1,  341.0,  348.0,  351.4,  352.0,  352.6,  352.9,  352.2,  347.0,  348.7,  346.6,  342.1,  337.7,  336.0,  338.0,  342.6,  342.0,  329.6,  324.1,  328.9,  341.2,  353.7,  359.1,  355.2,  348.4,  340.4,  335.5,  334.0,  336.4,  340.4,  347.5,  350.3,  351.9,  352.5,  352.0,  351.0,  347.7,  349.9,  347.5,  341.8,  336.2,  334.0,  336.5,  342.2,  -32.9,  -31.3,  -27.0,  -22.6,  -20.5,  -21.8,  -26.4,  -30.8,  -37.7,  -34.9,  -31.1,  -26.5,  -22.0,  -18.5,  -16.2,  -18.6,  -22.4,  -26.7,  -31.0,  -34.8,  -28.5,  -26.6,  -24.7,  -24.1,  -24.9,  -26.9,  -28.7,  -29.4,  26.0,  27.8,  32.3,  36.8,  38.7,  36.9,  32.4,  27.7,  22.9,  24.9,  28.2,  32.9,  37.7,  41.5,  44.0,  41.5,  37.9,  33.8,  29.3,  25.6,  30.4,  32.4,  34.5,  35.3,  34.4,  32.4,  30.4,  29.5,  -6.8,  -10.8,  -12.6,  -11.1,  -7.2,  -2.9,  -1.5,  -3.0,  -4.1,  -6.9,  -8.7,  -9.7,  -9.0,  -7.1,  -4.5,  -3.2,  -3.0,  -2.7,  -2.6,  -2.9,  -4.9,  -4.2,  -5.0,  -6.7,  -8.4,  -9.0,  -8.3,  -6.5,  -6.5,  -11.0,  -13.0,  -11.3,  -6.8,  -2.3,  -0.3,  -1.7,  -4.2,  -7.1,  -8.8,  -9.4,  -8.5,  -7.1,  -4.6,  -3.5,  -2.9,  -2.7,  -2.9,  -3.3,  -4.4,  -3.6,  -4.5,  -6.6,  -8.6,  -9.4,  -8.5,  -6.5,  328.3,  330.3,  331.0,  330.0,  327.9,  325.9,  325.1,  326.1,  330.6,  329.4,  328.1,  327.6,  328.1,  328.8,  329.4,  327.1,  325.2,  324.5,  325.7,  328.0,  328.0,  327.5,  327.8,  328.7,  329.6,  330.1,  329.8,  328.9,  316.6,  317.2,  317.5,  317.4,  316.9,  316.3,  316.0,  316.4,  318.1,  316.9,  315.9,  315.4,  316.2,  318.2,  320.0,  318.3,  316.3,  314.9,  315.2,  316.7,  317.3,  317.3,  317.4,  317.7,  317.9,  318.0,  317.8,  317.6,  3.2,  31.8,  338.4,  -0.203,  0.046,  0.018,  466.9,  467.6,  473.5,  483.4,  500.0,  526.4,  559.5,  599.2,  645.4,  691.5,  733.1,  769.6,  798.9,  816.7,  826.0,  833.3,  837.7,  501.2,  520.3,  549.0,  579.6,  609.0,  690.1,  723.0,  753.5,  781.7,  800.8,  648.7,  648.5,  648.1,  647.5,  614.4,  630.8,  647.3,  664.5,  680.5,  537.8,  557.1,  580.5,  599.4,  579.9,  557.1,  700.2,  719.3,  742.9,  761.4,  744.1,  721.4,  585.6,  606.8,  629.6,  646.2,  664.4,  689.7,  710.5,  689.9,  665.9,  646.0,  627.5,  605.9,  597.2,  628.7,  645.9,  664.3,  699.8,  664.1,  645.4,  628.1,  371.2,  418.3,  465.0,  509.3,  548.7,  583.8,  611.1,  633.0,  641.6,  639.9,  624.9,  600.0,  565.1,  520.4,  469.5,  416.4,  364.2,  322.7,  299.1,  289.2,  290.0,  295.0,  294.5,  286.8,  286.5,  296.1,  317.1,  333.8,  361.8,  389.7,  418.6,  448.0,  453.1,  457.3,  453.4,  449.4,  349.0,  336.6,  335.5,  347.1,  353.0,  354.3,  347.0,  334.6,  336.1,  347.6,  353.4,  352.6,  521.8,  500.0,  490.7,  495.2,  491.3,  503.2,  522.7,  540.3,  546.3,  547.0,  544.9,  537.0,  520.5,  511.6,  512.8,  512.0,  521.8,  518.5,  519.2,  517.2,  -78.5,  -77.9,  -75.2,  -70.3,  -61.4,  -48.4,  -32.9,  -16.0,  2.1,  20.4,  38.4,  55.2,  69.1,  77.5,  81.4,  84.4,  86.6,  -58.1,  -49.4,  -37.0,  -24.2,  -12.2,  19.6,  32.9,  45.4,  56.9,  65.0,  3.4,  3.2,  3.0,  2.7,  -9.7,  -3.5,  2.7,  9.2,  15.2,  -41.8,  -33.6,  -24.0,  -16.3,  -24.2,  -33.5,  24.0,  31.5,  41.0,  48.6,  41.3,  32.3,  -21.2,  -12.5,  -3.9,  2.3,  9.0,  18.6,  27.0,  18.7,  9.6,  2.2,  -4.6,  -12.9,  -16.5,  -4.2,  2.2,  9.0,  22.8,  8.9,  2.0,  -4.5,  5.1,  26.3,  47.5,  67.0,  82.8,  95.3,  102.5,  107.0,  109.3,  110.8,  109.4,  102.3,  89.3,  70.3,  47.9,  24.6,  1.8,  -15.6,  -25.1,  -28.8,  -28.0,  -25.6,  -25.7,  -29.0,  -29.4,  -25.7,  -17.4,  -10.2,  0.7,  11.0,  21.3,  33.3,  34.9,  36.3,  35.0,  33.6,  -4.5,  -9.5,  -9.9,  -5.2,  -2.8,  -2.3,  -5.2,  -10.1,  -9.5,  -5.0,  -2.6,  -2.9,  62.9,  52.7,  48.6,  50.0,  48.5,  53.7,  62.4,  67.5,  68.9,  69.1,  68.6,  66.7,  61.9,  56.6,  56.8,  56.5,  61.6,  58.9,  59.1,  58.7,  396.8,  395.5,  395.3,  392.6,  384.1,  372.6,  357.1,  343.0,  339.7,  346.3,  361.2,  372.9,  380.7,  383.5,  383.0,  381.8,  383.1,  366.2,  360.9,  356.0,  350.5,  344.8,  343.2,  346.6,  350.0,  351.6,  353.8,  339.3,  332.1,  324.6,  317.4,  330.8,  328.3,  326.4,  327.6,  329.1,  357.5,  355.1,  353.4,  351.8,  351.8,  353.7,  349.0,  348.1,  348.4,  350.3,  347.6,  347.4,  340.2,  329.4,  325.2,  323.4,  323.3,  328.0,  335.6,  327.4,  323.3,  323.1,  324.9,  329.9,  337.4,  327.0,  325.4,  325.1,  333.3,  324.9,  324.8,  326.6,  2.519,  -0.070,  0.056,  0.016,  648.670,  444.785,  -15.668,  -3.301,  -20.169,  -2.794,  -7.606,  -2.720,  3.013,  1.161,  7.709,  -7.202,  -6.300,  -7.010,  9.151,  -4.605,  2.041,  0.051,  2.282,  1.374,  0.326,  -5.165,  -0.405,  -1.170,  2.246,  0.467,  -0.393,  0.649,  -0.555,  -0.130,  -0.210,  -0.099,  0.339,  -0.826,  0.194,  0.424, 0.08, 0.11, 0.00, 0.00, 0.00, 0.59, 0.00, 0.05, 0.00, 0.00, 0.06, 0.49, 0.02, 0.21, 0.82, 1.21, 0.00, 0.00, 0.00, 0.00, 1.00, 0.00, 0.00, 0.00, 0.00, 0.00, 0.00, 0.00, 0.00, 0.00, 0.00, 0.00, 0.00, 0.00, 0.00
56,  0,  1.835,  0.98,  1,  0.021141,  -0.046501,  -0.998695,  -0.150619,  0.009031,  -0.988551,  -0.065,  -0.019,  552.7,  557.5,  569.0,  580.7,  585.6,  581.8,  569.3,  557.6,  540.8,  547.6,  557.3,  569.4,  581.7,  591.2,  597.4,  590.4,  579.6,  567.6,  556.6,  547.1,  564.4,  569.4,  574.4,  576.4,  574.3,  569.3,  564.3,  562.3,  710.8,  715.7,  728.2,  741.0,  746.6,  741.7,  729.1,  715.5,  703.1,  709.1,  718.6,  731.8,  744.4,  754.2,  760.8,  754.3,  745.2,  734.3,  721.8,  711.0,  722.6,  728.9,  735.2,  737.6,  734.9,  728.5,  722.2,  719.8,  342.3,  331.7,  327.0,  330.8,  341.0,  352.6,  356.3,  352.5,  349.5,  342.1,  337.1,  334.7,  336.7,  341.5,  348.4,  351.8,  352.3,  353.0,  353.2,  352.6,  347.4,  349.1,  347.0,  342.5,  338.1,  336.4,  338.5,  343.0,  343.2,  330.5,  325.0,  329.8,  342.1,  354.8,  360.3,  356.6,  348.8,  340.8,  336.0,  334.5,  336.9,  341.0,  348.0,  350.8,  352.3,  352.9,  352.4,  351.5,  349.6,  352.0,  349.3,  343.0,  336.8,  334.4,  337.2,  343.5,  -32.7,  -31.1,  -26.8,  -22.3,  -20.3,  -21.6,  -26.2,  -30.6,  -37.4,  -34.7,  -30.9,  -26.4,  -21.8,  -18.3,  -16.0,  -18.5,  -22.4,  -26.8,  -31.0,  -34.8,  -28.3,  -26.3,  -24.5,  -23.8,  -24.7,  -26.6,  -28.4,  -29.1,  25.3,  27.1,  31.7,  36.2,  38.1,  36.2,  31.7,  26.9,  22.6,  24.7,  28.0,  32.7,  37.3,  41.0,  43.6,  41.0,  37.5,  33.4,  29.0,  25.3,  29.5,  31.8,  34.0,  35.0,  34.0,  31.8,  29.5,  28.6,  -6.6,  -10.7,  -12.5,  -11.0,  -7.1,  -2.7,  -1.4,  -2.8,  -4.0,  -6.7,  -8.6,  -9.5,  -8.7,  -6.9,  -4.4,  -3.1,  -2.8,  -2.6,  -2.5,  -2.8,  -4.7,  -4.1,  -4.8,  -6.6,  -8.2,  -8.9,  -8.1,  -6.4,  -6.0,  -10.6,  -12.6,  -10.8,  -6.4,  -1.9,  0.1,  -1.2,  -4.0,  -6.9,  -8.6,  -9.1,  -8.3,  -6.8,  -4.3,  -3.3,  -2.7,  -2.5,  -2.7,  -3.0,  -3.7,  -2.9,  -3.8,  -6.1,  -8.3,  -9.2,  -8.2,  -5.9,  327.4,  329.4,  330.0,  328.9,  326.7,  324.8,  324.2,  325.3,  330.2,  328.9,  327.4,  326.8,  327.1,  327.6,  328.2,  326.0,  324.2,  323.7,  325.0,  327.5,  327.0,  326.6,  326.8,  327.6,  328.6,  329.1,  328.8,  328.0,  312.6,  313.5,  313.9,  313.5,  312.6,  311.7,  311.3,  311.9,  313.6,  312.7,  312.0,  311.6,  312.2,  314.0,  315.5,  313.8,  311.7,  310.3,  310.6,  312.1,  313.0,  312.8,  313.0,  313.5,  313.9,  314.1,  313.9,  313.5,  3.3,  31.7,  338.6,  -0.197,  0.042,  0.018,  466.9,  467.4,  473.0,  482.5,  499.1,  525.7,  559.7,  600.5,  647.1,  692.8,  733.8,  769.8,  798.8,  816.6,  826.0,  833.2,  837.8,  501.4,  521.1,  550.0,  580.6,  609.9,  690.1,  722.9,  753.4,  781.7,  801.4,  649.1,  648.9,  648.5,  647.9,  614.5,  630.9,  647.7,  665.1,  681.2,  538.2,  557.4,  580.8,  599.6,  580.1,  557.2,  700.4,  719.7,  743.1,  761.7,  744.4,  721.8,  586.1,  608.9,  631.4,  646.9,  664.1,  688.7,  710.8,  689.0,  665.5,  647.0,  629.8,  608.2,  597.5,  630.5,  646.6,  664.0,  700.2,  663.8,  646.3,  630.2,  370.0,  417.0,  463.6,  508.0,  547.8,  583.3,  610.3,  631.3,  639.3,  637.4,  623.6,  600.0,  565.8,  521.2,  470.2,  417.0,  364.5,  322.5,  299.2,  289.6,  290.6,  295.5,  294.8,  287.6,  287.5,  296.9,  318.0,  334.1,  362.3,  390.3,  419.5,  448.1,  453.4,  457.7,  453.6,  449.3,  349.3,  336.9,  335.8,  347.5,  353.5,  354.7,  347.5,  335.0,  336.5,  348.2,  354.0,  353.2,  520.4,  501.3,  493.0,  497.3,  493.5,  504.1,  521.2,  536.0,  540.4,  540.9,  539.2,  533.1,  519.4,  511.5,  512.7,  511.6,  520.4,  515.6,  516.2,  514.4,  -78.9,  -78.3,  -75.6,  -70.8,  -62.0,  -48.8,  -32.9,  -15.5,  2.7,  20.9,  38.8,  55.5,  69.4,  77.8,  81.8,  84.7,  87.0,  -58.1,  -49.0,  -36.6,  -23.8,  -11.9,  19.6,  32.8,  45.3,  57.0,  65.4,  3.5,  3.4,  3.1,  2.8,  -9.6,  -3.4,  2.8,  9.4,  15.5,  -41.6,  -33.6,  -23.9,  -16.2,  -24.1,  -33.5,  24.1,  31.7,  41.1,  48.8,  41.5,  32.5,  -21.0,  -11.7,  -3.2,  2.6,  8.9,  18.3,  27.3,  18.4,  9.4,  2.6,  -3.8,  -12.0,  -16.4,  -3.5,  2.5,  8.9,  23.0,  8.8,  2.3,  -3.7,  4.6,  25.9,  46.9,  66.5,  82.6,  95.4,  102.4,  106.5,  108.5,  110.0,  109.2,  102.7,  90.0,  71.0,  48.5,  25.0,  2.0,  -15.7,  -25.1,  -28.6,  -27.8,  -25.3,  -25.5,  -28.6,  -29.0,  -25.4,  -17.0,  -10.0,  0.9,  11.2,  21.5,  33.3,  35.0,  36.4,  35.0,  33.6,  -4.4,  -9.4,  -9.8,  -5.0,  -2.6,  -2.1,  -5.0,  -10.0,  -9.4,  -4.8,  -2.4,  -2.7,  62.6,  53.3,  49.6,  50.9,  49.5,  54.2,  62.2,  65.9,  66.6,  66.7,  66.4,  65.2,  61.6,  56.7,  56.9,  56.4,  61.4,  57.8,  58.0,  57.6,  398.6,  397.0,  396.3,  393.2,  385.0,  373.7,  358.2,  343.5,  340.1,  346.9,  362.3,  374.4,  382.6,  385.4,  385.1,  383.7,  385.1,  366.4,  360.9,  355.8,  350.0,  344.0,  342.3,  346.2,  349.8,  351.7,  354.5,  339.0,  331.6,  323.8,  316.4,  330.4,  327.8,  325.7,  327.1,  328.8,  357.7,  355.3,  353.5,  351.9,  351.8,  353.7,  349.0,  348.4,  348.9,  351.0,  347.9,  347.6,  341.2,  330.2,  326.0,  324.4,  324.3,  329.4,  337.6,  327.8,  323.1,  322.7,  324.4,  329.8,  338.3,  327.2,  325.9,  325.8,  334.8,  325.0,  324.8,  326.5,  2.516,  -0.065,  0.050,  0.016,  649.067,  444.341,  -9.579,  -3.003,  -20.224,  -4.081,  -6.640,  1.502,  2.685,  1.055,  7.108,  -7.194,  -7.092,  -5.738,  7.119,  -6.497,  2.005,  0.162,  2.079,  1.704,  -0.605,  -3.484,  -0.247,  -0.329,  1.571,  0.035,  -0.836,  0.634,  -0.508,  -0.251,  -0.318,  -0.120,  0.511,  -0.877,  0.268,  0.386, 0.05, 0.09, 0.00, 0.02, 0.00, 0.55, 0.00, 0.00, 0.00, 0.00, 0.12, 0.82, 0.00, 0.38, 0.20, 0.94, 0.00, 0.00, 0.00, 0.00, 1.00, 0.00, 0.00, 0.00, 0.00, 0.00, 0.00, 0.00, 0.00, 0.00, 0.00, 0.00, 0.00, 0.00, 0.00
57,  0,  1.869,  0.98,  1,  0.019034,  -0.054621,  -0.998326,  -0.141865,  0.014610,  -0.989778,  -0.062,  -0.020,  553.1,  557.7,  569.2,  580.8,  585.7,  581.9,  569.6,  558.0,  541.1,  547.8,  557.6,  569.7,  582.0,  591.4,  597.6,  590.8,  580.1,  568.1,  557.1,  547.5,  564.7,  569.6,  574.6,  576.6,  574.4,  569.5,  564.5,  562.5,  711.3,  716.1,  728.5,  741.3,  747.0,  742.2,  729.8,  716.1,  703.3,  709.3,  718.9,  732.2,  744.9,  754.4,  760.8,  754.4,  745.6,  734.8,  722.3,  711.3,  723.0,  729.4,  735.6,  737.9,  735.1,  728.8,  722.6,  720.2,  342.3,  331.7,  327.0,  330.9,  341.1,  352.6,  356.3,  352.5,  349.8,  342.4,  337.3,  334.8,  336.8,  341.7,  348.6,  352.0,  352.5,  353.2,  353.5,  352.9,  347.4,  349.0,  347.0,  342.5,  338.1,  336.4,  338.5,  343.0,  343.7,  330.9,  325.2,  330.0,  342.5,  355.3,  361.0,  357.1,  349.0,  341.0,  336.3,  334.9,  337.3,  341.2,  348.1,  350.9,  352.5,  353.2,  352.8,  351.6,  350.0,  352.4,  349.6,  343.2,  337.0,  334.6,  337.4,  343.8,  -32.7,  -31.1,  -26.8,  -22.4,  -20.4,  -21.7,  -26.2,  -30.6,  -37.5,  -34.8,  -31.0,  -26.4,  -21.8,  -18.3,  -16.0,  -18.4,  -22.3,  -26.7,  -30.9,  -34.8,  -28.3,  -26.4,  -24.6,  -23.9,  -24.7,  -26.7,  -28.5,  -29.2,  25.5,  27.3,  31.8,  36.3,  38.3,  36.5,  32.0,  27.2,  22.7,  24.8,  28.1,  32.8,  37.5,  41.1,  43.7,  41.2,  37.7,  33.7,  29.3,  25.5,  29.7,  32.0,  34.2,  35.1,  34.2,  31.9,  29.6,  28.8,  -6.7,  -10.7,  -12.5,  -11.0,  -7.1,  -2.7,  -1.4,  -2.8,  -3.9,  -6.6,  -8.5,  -9.4,  -8.7,  -6.9,  -4.3,  -3.0,  -2.8,  -2.5,  -2.4,  -2.7,  -4.7,  -4.1,  -4.9,  -6.6,  -8.3,  -8.9,  -8.1,  -6.4,  -5.8,  -10.4,  -12.5,  -10.7,  -6.3,  -1.7,  0.3,  -1.0,  -3.9,  -6.8,  -8.4,  -8.9,  -8.1,  -6.7,  -4.3,  -3.3,  -2.7,  -2.4,  -2.6,  -3.0,  -3.6,  -2.7,  -3.7,  -6.0,  -8.3,  -9.1,  -8.1,  -5.8,  329.0,  330.9,  331.5,  330.5,  328.4,  326.6,  325.9,  326.9,  331.7,  330.4,  328.9,  328.4,  328.8,  329.4,  330.0,  327.8,  325.9,  325.4,  326.7,  329.1,  328.7,  328.2,  328.5,  329.3,  330.2,  330.6,  330.4,  329.6,  312.7,  313.3,  313.8,  313.7,  313.2,  312.6,  312.1,  312.4,  313.7,  312.7,  312.0,  311.7,  312.6,  314.7,  316.5,  314.7,  312.6,  311.0,  311.1,  312.4,  313.4,  313.4,  313.6,  314.0,  314.2,  314.2,  314.0,  313.7,  3.5,  31.6,  338.8,  -0.197,  0.040,  0.017,  467.0,  467.5,  472.9,  482.3,  499.0,  526.0,  560.8,  602.2,  648.8,  694.2,  734.6,  770.1,  798.9,  816.9,  826.5,  833.8,  838.3,  501.6,  521.2,  549.9,  580.4,  609.7,  690.6,  723.5,  753.8,  782.1,  801.9,  649.3,  649.2,  648.8,  648.3,  614.5,  631.2,  648.1,  665.7,  681.9,  538.5,  557.7,  581.1,  600.0,  580.4,  557.5,  700.6,  720.0,  743.4,  761.9,  744.7,  722.2,  586.1,  609.0,  631.7,  647.5,  665.0,  689.8,  711.8,  690.1,  666.7,  647.8,  630.3,  608.5,  597.5,  630.9,  647.3,  665.0,  701.2,  664.8,  647.0,  630.5,  370.5,  417.1,  463.2,  507.5,  547.4,  583.3,  610.7,  631.6,  639.1,  636.6,  622.2,  598.6,  564.8,  520.8,  470.3,  417.6,  365.7,  323.0,  299.7,  290.0,  290.9,  295.8,  295.0,  288.1,  288.0,  297.6,  318.5,  334.7,  362.7,  390.6,  419.6,  448.1,  453.3,  457.6,  453.4,  449.1,  349.5,  337.1,  336.1,  347.8,  353.7,  354.9,  347.9,  335.3,  336.8,  348.4,  354.1,  353.3,  519.8,  500.7,  492.3,  496.5,  492.7,  503.1,  520.4,  534.9,  539.3,  540.0,  538.3,  532.4,  518.8,  510.7,  511.9,  510.7,  519.5,  514.6,  515.4,  513.7,  -78.9,  -78.4,  -75.8,  -70.9,  -62.1,  -48.7,  -32.5,  -14.8,  3.4,  21.5,  39.2,  55.7,  69.6,  78.0,  82.2,  85.2,  87.5,  -58.0,  -49.0,  -36.6,  -23.9,  -11.9,  19.8,  33.1,  45.6,  57.2,  65.7,  3.6,  3.5,  3.3,  3.0,  -9.6,  -3.3,  3.0,  9.6,  15.8,  -41.5,  -33.4,  -23.8,  -16.1,  -24.0,  -33.4,  24.2,  31.9,  41.3,  49.0,  41.7,  32.7,  -21.0,  -11.7,  -3.1,  2.8,  9.3,  18.8,  27.7,  18.8,  9.9,  2.9,  -3.6,  -11.9,  -16.5,  -3.4,  2.7,  9.3,  23.5,  9.2,  2.6,  -3.5,  4.8,  25.9,  46.8,  66.3,  82.5,  95.5,  102.8,  106.7,  108.6,  109.8,  108.7,  102.2,  89.6,  70.9,  48.6,  25.3,  2.5,  -15.5,  -24.9,  -28.5,  -27.7,  -25.3,  -25.4,  -28.5,  -28.8,  -25.1,  -16.9,  -9.8,  1.0,  11.3,  21.6,  33.3,  35.0,  36.3,  34.9,  33.5,  -4.3,  -9.3,  -9.7,  -4.9,  -2.5,  -2.0,  -4.8,  -9.8,  -9.3,  -4.7,  -2.3,  -2.6,  62.4,  53.1,  49.3,  50.6,  49.2,  53.9,  62.0,  65.6,  66.3,  66.4,  66.1,  65.0,  61.5,  56.4,  56.6,  56.1,  61.1,  57.5,  57.7,  57.4,  399.0,  397.5,  396.7,  393.6,  385.4,  374.2,  358.7,  343.9,  340.6,  347.4,  362.7,  374.7,  383.0,  386.0,  385.7,  384.5,  386.0,  366.7,  361.1,  355.9,  350.2,  344.2,  342.4,  346.5,  350.2,  352.3,  355.3,  339.1,  331.8,  323.9,  316.6,  330.7,  328.1,  326.0,  327.3,  329.1,  357.9,  355.4,  353.7,  352.1,  351.9,  353.8,  349.3,  348.8,  349.4,  351.5,  348.3,  347.9,  341.5,  330.3,  326.1,  324.6,  324.5,  329.7,  338.2,  328.3,  323.3,  322.9,  324.5,  330.0,  338.7,  327.4,  326.1,  326.0,  335.3,  325.3,  325.0,  326.7,  2.514,  -0.065,  0.048,  0.015,  649.528,  444.159,  -8.099,  -2.587,  -19.247,  -4.911,  -6.467,  1.207,  2.450,  1.300,  6.796,  -7.140,  -7.245,  -5.351,  7.200,  -6.280,  2.552,  0.309,  1.431,  2.242,  -0.145,  -3.621,  -0.493,  -0.502,  1.130,  -0.453,  -0.927,  0.740,  -0.379,  -0.097,  -0.317,  -0.192,  0.592,  -0.850,  0.236,  0.371, 0.00, 0.05, 0.00, 0.02, 0.00, 0.50, 0.00, 0.00, 0.00, 0.00, 0.28, 1.01, 0.00, 0.47, 0.05, 0.82, 0.00, 0.00, 0.00, 0.00, 1.00, 0.00, 0.00, 0.00, 0.00, 0.00, 0.00, 0.00, 0.00, 0.00, 0.00, 0.00, 0.00, 0.00, 0.00
58,  0,  1.902,  0.98,  1,  0.012187,  -0.052388,  -0.998552,  -0.142999,  0.032998,  -0.989173,  -0.066,  -0.010,  553.3,  557.9,  569.4,  581.0,  585.9,  582.1,  569.8,  558.2,  541.5,  548.2,  558.0,  570.0,  582.2,  591.6,  597.8,  591.0,  580.4,  568.6,  557.5,  547.9,  564.8,  569.8,  574.7,  576.7,  574.6,  569.6,  564.7,  562.7,  711.2,  716.3,  728.9,  741.7,  747.2,  742.2,  729.5,  715.7,  702.8,  709.3,  719.1,  732.7,  745.3,  754.6,  760.7,  754.4,  745.9,  735.2,  722.6,  711.3,  722.5,  729.1,  735.7,  738.3,  735.4,  728.8,  722.2,  719.6,  342.3,  331.8,  327.1,  331.0,  341.2,  352.8,  356.5,  352.6,  349.8,  342.4,  337.3,  334.8,  336.8,  341.8,  348.8,  352.1,  352.7,  353.3,  353.6,  352.9,  347.5,  349.1,  347.1,  342.6,  338.2,  336.5,  338.6,  343.1,  344.0,  331.1,  325.6,  330.8,  343.6,  356.6,  362.1,  357.9,  349.1,  341.1,  336.5,  335.2,  337.6,  341.5,  348.2,  350.9,  352.7,  353.5,  353.0,  351.7,  350.9,  353.6,  350.8,  344.0,  337.3,  334.6,  337.5,  344.2,  -32.7,  -31.1,  -26.8,  -22.3,  -20.4,  -21.7,  -26.2,  -30.6,  -37.4,  -34.7,  -30.9,  -26.3,  -21.8,  -18.3,  -15.9,  -18.4,  -22.2,  -26.6,  -30.8,  -34.7,  -28.3,  -26.4,  -24.6,  -23.9,  -24.7,  -26.6,  -28.5,  -29.2,  25.0,  26.8,  31.3,  35.9,  37.8,  36.0,  31.5,  26.6,  22.1,  24.3,  27.7,  32.5,  37.1,  40.6,  43.1,  40.6,  37.3,  33.3,  28.9,  25.0,  29.1,  31.4,  33.8,  34.7,  33.7,  31.4,  29.0,  28.1,  -6.7,  -10.7,  -12.5,  -11.0,  -7.1,  -2.7,  -1.3,  -2.8,  -3.9,  -6.6,  -8.5,  -9.5,  -8.7,  -6.9,  -4.2,  -3.0,  -2.7,  -2.5,  -2.4,  -2.7,  -4.7,  -4.1,  -4.8,  -6.6,  -8.2,  -8.9,  -8.1,  -6.4,  -5.6,  -10.2,  -12.1,  -10.3,  -5.8,  -1.2,  0.7,  -0.7,  -3.8,  -6.6,  -8.2,  -8.7,  -7.9,  -6.6,  -4.2,  -3.2,  -2.6,  -2.3,  -2.5,  -2.9,  -3.2,  -2.3,  -3.3,  -5.7,  -8.0,  -9.0,  -8.0,  -5.6,  329.6,  331.5,  332.1,  331.1,  329.0,  327.2,  326.5,  327.5,  332.2,  331.0,  329.5,  329.0,  329.4,  330.0,  330.6,  328.4,  326.6,  326.0,  327.2,  329.6,  329.3,  328.8,  329.1,  329.9,  330.8,  331.2,  331.0,  330.2,  307.2,  307.8,  308.4,  308.8,  308.7,  308.1,  307.5,  307.3,  308.0,  307.1,  306.6,  306.7,  308.0,  310.3,  312.5,  310.4,  308.0,  306.2,  306.0,  307.0,  308.4,  308.5,  308.9,  309.2,  309.3,  309.1,  308.8,  308.4,  3.5,  31.8,  337.5,  -0.200,  0.041,  0.018,  467.2,  467.5,  473.0,  482.6,  499.4,  526.2,  560.3,  601.6,  648.4,  693.9,  734.5,  770.1,  799.1,  817.2,  826.9,  834.2,  838.5,  502.2,  521.5,  550.0,  580.4,  609.7,  690.0,  723.0,  753.5,  782.1,  801.9,  649.2,  649.3,  649.0,  648.5,  614.4,  631.2,  648.4,  666.2,  682.7,  538.6,  557.9,  581.3,  600.5,  580.8,  557.9,  700.5,  720.1,  743.6,  762.2,  744.9,  722.2,  584.7,  607.5,  630.9,  647.5,  665.8,  691.7,  714.0,  692.0,  667.5,  647.7,  629.4,  606.9,  596.4,  630.1,  647.2,  665.7,  703.3,  665.5,  646.9,  629.6,  371.1,  417.3,  463.2,  507.2,  547.1,  583.6,  612.4,  634.8,  643.1,  640.8,  625.9,  601.2,  566.6,  521.9,  470.6,  417.3,  364.8,  323.2,  299.9,  290.1,  291.1,  296.2,  295.7,  288.3,  288.2,  298.0,  319.1,  334.5,  362.6,  390.5,  419.6,  448.6,  453.9,  458.2,  454.0,  449.9,  349.5,  337.2,  336.2,  347.8,  353.6,  354.9,  348.0,  335.5,  337.1,  348.6,  354.3,  353.4,  521.2,  500.8,  491.9,  496.3,  492.5,  503.6,  522.2,  538.4,  543.4,  544.0,  542.0,  535.2,  520.2,  511.9,  513.2,  512.1,  521.3,  516.8,  517.4,  515.5,  -78.3,  -77.9,  -75.3,  -70.4,  -61.6,  -48.4,  -32.5,  -15.0,  3.2,  21.3,  39.0,  55.5,  69.3,  77.8,  82.0,  84.9,  87.1,  -57.5,  -48.7,  -36.5,  -23.8,  -11.9,  19.5,  32.8,  45.3,  57.0,  65.4,  3.6,  3.5,  3.3,  3.1,  -9.7,  -3.3,  3.1,  9.8,  16.0,  -41.3,  -33.2,  -23.7,  -15.8,  -23.7,  -33.1,  24.1,  31.8,  41.2,  48.9,  41.6,  32.6,  -21.5,  -12.2,  -3.4,  2.8,  9.5,  19.4,  28.5,  19.4,  10.1,  2.8,  -3.9,  -12.4,  -16.8,  -3.7,  2.7,  9.5,  24.1,  9.4,  2.6,  -3.9,  5.0,  25.9,  46.5,  65.9,  82.0,  95.2,  103.1,  107.6,  109.8,  111.0,  109.8,  102.9,  90.0,  71.1,  48.5,  25.0,  2.1,  -15.4,  -24.7,  -28.3,  -27.5,  -25.1,  -25.1,  -28.3,  -28.6,  -24.9,  -16.5,  -9.8,  1.0,  11.2,  21.5,  33.4,  35.1,  36.4,  35.0,  33.7,  -4.3,  -9.2,  -9.6,  -4.9,  -2.6,  -2.1,  -4.8,  -9.7,  -9.1,  -4.6,  -2.2,  -2.6,  62.7,  52.9,  48.9,  50.3,  48.8,  53.8,  62.4,  66.6,  67.4,  67.5,  67.2,  65.8,  61.8,  56.6,  56.8,  56.3,  61.5,  58.0,  58.1,  57.8,  396.8,  395.1,  394.6,  391.6,  383.5,  372.4,  357.3,  342.7,  339.4,  346.0,  361.1,  373.2,  381.3,  384.3,  383.8,  382.5,  383.9,  364.9,  359.5,  354.5,  349.1,  343.6,  341.7,  345.6,  349.2,  351.1,  353.5,  337.9,  330.5,  322.7,  315.3,  329.5,  326.8,  324.7,  326.2,  328.0,  356.5,  354.2,  352.6,  350.8,  350.7,  352.5,  348.0,  347.4,  347.9,  349.8,  346.8,  346.5,  340.5,  328.7,  324.2,  322.5,  322.3,  327.6,  336.4,  326.5,  321.5,  321.0,  322.9,  328.6,  337.6,  325.8,  324.3,  324.0,  333.8,  323.3,  323.1,  325.0,  2.525,  -0.067,  0.048,  0.016,  649.632,  445.097,  -10.395,  -3.448,  -17.833,  -3.325,  -9.123,  -0.290,  1.932,  1.635,  6.682,  -7.326,  -7.403,  -5.626,  7.280,  -5.834,  1.505,  0.351,  2.164,  2.187,  1.216,  -4.977,  -1.142,  -1.076,  1.672,  -0.208,  -1.012,  1.074,  -0.810,  -0.074,  -0.282,  -0.140,  0.414,  -0.891,  0.195,  0.355, 0.03, 0.00, 0.00, 0.12, 0.00, 0.42, 0.00, 0.05, 0.00, 0.00, 0.24, 0.80, 0.00, 0.26, 0.45, 1.17, 0.00, 0.00, 0.00, 0.00, 1.00, 0.00, 0.00, 0.00, 0.00, 0.00, 0.00, 0.00, 0.00, 0.00, 0.00, 0.00, 0.00, 0.00, 0.00
59,  0,  1.935,  0.98,  1,  0.014762,  -0.055398,  -0.998355,  -0.147752,  0.029894,  -0.988573,  -0.067,  -0.013,  553.6,  558.2,  569.6,  581.2,  586.1,  582.3,  570.0,  558.5,  541.8,  548.4,  558.2,  570.4,  582.8,  592.0,  598.1,  591.1,  580.4,  568.3,  557.4,  548.0,  565.2,  570.1,  574.9,  576.9,  574.8,  569.9,  565.1,  563.1,  711.0,  716.0,  728.7,  741.7,  747.4,  742.4,  729.7,  715.7,  702.7,  709.4,  719.4,  732.7,  745.2,  754.5,  760.8,  754.5,  745.9,  735.1,  722.5,  711.2,  722.4,  729.2,  735.8,  738.3,  735.4,  728.6,  722.1,  719.5,  343.0,  332.3,  327.4,  331.4,  341.8,  353.6,  357.4,  353.4,  350.1,  343.0,  338.4,  336.0,  337.9,  342.6,  349.2,  352.8,  353.5,  354.1,  354.3,  353.4,  348.1,  349.7,  347.7,  343.1,  338.7,  337.1,  339.1,  343.7,  344.6,  331.7,  326.3,  331.6,  344.4,  357.3,  362.7,  358.5,  350.1,  342.0,  337.2,  335.8,  338.1,  342.4,  349.3,  351.9,  353.4,  354.0,  353.5,  352.6,  351.8,  354.5,  351.7,  345.0,  338.3,  335.6,  338.4,  345.1,  -32.6,  -31.0,  -26.7,  -22.2,  -20.3,  -21.6,  -26.1,  -30.6,  -37.3,  -34.6,  -30.8,  -26.2,  -21.5,  -18.1,  -15.8,  -18.3,  -22.3,  -26.7,  -30.9,  -34.7,  -28.2,  -26.3,  -24.5,  -23.8,  -24.7,  -26.5,  -28.3,  -29.0,  24.8,  26.6,  31.2,  35.8,  37.7,  35.8,  31.3,  26.4,  21.9,  24.2,  27.7,  32.4,  36.8,  40.4,  42.9,  40.4,  37.1,  33.1,  28.7,  24.8,  28.9,  31.2,  33.6,  34.6,  33.6,  31.2,  28.8,  27.9,  -6.4,  -10.5,  -12.4,  -10.8,  -6.9,  -2.4,  -1.0,  -2.5,  -3.7,  -6.4,  -8.1,  -9.0,  -8.3,  -6.5,  -4.1,  -2.7,  -2.4,  -2.2,  -2.1,  -2.5,  -4.5,  -3.9,  -4.6,  -6.4,  -8.0,  -8.7,  -7.9,  -6.2,  -5.4,  -9.9,  -11.8,  -10.0,  -5.5,  -1.0,  0.9,  -0.5,  -3.5,  -6.3,  -7.9,  -8.5,  -7.7,  -6.2,  -3.8,  -2.8,  -2.3,  -2.1,  -2.2,  -2.6,  -2.9,  -1.9,  -2.9,  -5.3,  -7.6,  -8.6,  -7.6,  -5.2,  329.8,  331.6,  332.1,  331.0,  329.1,  327.5,  326.8,  327.9,  332.6,  331.1,  329.5,  328.9,  329.3,  330.0,  330.7,  328.6,  326.7,  326.3,  327.6,  330.0,  329.5,  329.1,  329.3,  330.1,  330.9,  331.3,  331.1,  330.4,  305.5,  306.5,  307.4,  307.6,  307.0,  306.0,  305.1,  305.1,  306.1,  305.5,  305.3,  305.4,  306.6,  308.8,  310.7,  308.5,  306.0,  304.2,  304.0,  305.0,  306.4,  306.5,  307.0,  307.5,  307.9,  307.8,  307.3,  306.7,  3.5,  32.5,  336.4,  -0.197,  0.042,  0.019,  467.2,  467.8,  473.9,  484.2,  501.2,  527.1,  559.5,  599.1,  645.7,  691.9,  733.2,  769.6,  798.8,  816.9,  826.7,  834.4,  838.8,  502.7,  522.0,  550.1,  580.3,  609.0,  690.8,  723.8,  754.2,  782.4,  801.6,  649.4,  649.3,  648.9,  648.3,  614.2,  631.1,  648.2,  666.2,  682.8,  538.6,  558.1,  581.6,  600.9,  581.0,  558.0,  700.6,  720.0,  743.7,  762.4,  744.9,  722.1,  585.7,  606.8,  630.7,  647.6,  666.2,  692.5,  713.6,  692.9,  668.0,  647.6,  628.8,  606.0,  597.5,  629.9,  647.2,  666.0,  702.8,  666.0,  646.9,  629.2,  370.0,  417.7,  465.2,  510.0,  550.5,  587.3,  616.7,  639.8,  649.1,  647.4,  632.4,  606.2,  569.9,  523.6,  471.5,  417.4,  364.2,  323.7,  300.6,  290.9,  291.7,  296.5,  296.4,  289.3,  289.3,  299.2,  320.3,  335.2,  363.4,  391.2,  420.2,  448.7,  454.0,  458.5,  454.2,  450.2,  350.4,  338.0,  337.0,  348.6,  354.2,  355.4,  348.8,  336.4,  338.0,  349.4,  355.0,  354.0,  524.6,  500.5,  490.3,  494.8,  490.9,  503.6,  525.4,  546.1,  553.2,  554.0,  551.8,  542.7,  523.4,  511.3,  512.4,  511.6,  524.5,  525.2,  525.9,  523.7,  -77.8,  -77.2,  -74.3,  -69.2,  -60.5,  -47.8,  -32.8,  -16.0,  2.2,  20.5,  38.3,  55.0,  68.7,  77.1,  81.2,  84.4,  86.7,  -56.9,  -48.2,  -36.3,  -23.7,  -12.1,  19.8,  33.0,  45.4,  56.9,  65.0,  3.6,  3.5,  3.3,  3.0,  -9.7,  -3.3,  3.0,  9.7,  16.0,  -41.1,  -33.0,  -23.4,  -15.6,  -23.5,  -32.9,  24.0,  31.6,  41.0,  48.7,  41.4,  32.4,  -21.1,  -12.4,  -3.4,  2.8,  9.6,  19.6,  28.1,  19.7,  10.2,  2.8,  -4.1,  -12.8,  -16.3,  -3.8,  2.7,  9.6,  23.9,  9.6,  2.6,  -4.0,  4.5,  25.9,  47.1,  66.6,  83.0,  96.3,  104.6,  109.5,  111.9,  113.2,  111.9,  104.4,  90.9,  71.3,  48.5,  24.9,  1.8,  -15.0,  -24.3,  -27.9,  -27.2,  -24.8,  -24.8,  -27.9,  -28.1,  -24.3,  -16.0,  -9.5,  1.3,  11.5,  21.7,  33.3,  35.0,  36.4,  35.0,  33.7,  -3.9,  -8.9,  -9.2,  -4.6,  -2.3,  -1.8,  -4.5,  -9.3,  -8.7,  -4.2,  -2.0,  -2.3,  63.8,  52.6,  48.0,  49.4,  47.9,  53.5,  63.2,  69.2,  70.8,  71.1,  70.7,  68.5,  62.8,  56.1,  56.2,  55.8,  62.5,  60.9,  61.1,  60.7,  393.7,  392.1,  391.5,  388.7,  381.1,  370.7,  356.4,  342.4,  338.8,  344.8,  359.4,  371.2,  378.8,  381.4,  380.7,  379.8,  381.7,  362.5,  357.6,  352.9,  347.8,  342.4,  340.9,  344.8,  348.2,  349.8,  351.7,  336.8,  329.6,  322.1,  314.9,  328.3,  325.5,  323.5,  324.9,  326.8,  354.6,  352.2,  350.8,  348.9,  349.0,  350.7,  346.5,  345.7,  346.1,  347.8,  345.0,  344.8,  339.2,  327.4,  322.6,  320.7,  320.4,  325.9,  334.3,  325.4,  320.6,  320.5,  322.5,  328.1,  336.5,  324.4,  322.6,  322.3,  332.2,  322.3,  322.4,  324.4,  2.536,  -0.064,  0.048,  0.017,  649.634,  447.257,  -17.592,  -4.020,  -14.343,  -0.246,  -10.419,  -5.308,  4.052,  1.330,  7.328,  -9.055,  -7.235,  -5.348,  8.677,  -4.829,  1.652,  0.325,  4.031,  0.946,  0.755,  -5.362,  -0.264,  -0.084,  2.161,  0.001,  -0.341,  1.602,  -0.647,  -0.239,  -0.185,  -0.174,  0.299,  -0.943,  0.076,  0.333, 0.03, 0.00, 0.00, 0.10, 0.00, 0.63, 0.00, 0.13, 0.00, 0.00, 0.18, 0.46, 0.00, 0.09, 1.37, 1.83, 0.00, 0.00, 0.00, 0.00, 1.00, 0.00, 0.00, 0.00, 0.00, 0.00, 0.00, 0.00, 0.00, 0.00, 0.00, 1.00, 1.00, 0.00, 0.00
60,  0,  1.969,  0.98,  1,  0.018566,  -0.053286,  -0.998407,  -0.151079,  0.031375,  -0.988024,  -0.067,  -0.011,  553.6,  558.2,  569.6,  581.1,  586.0,  582.3,  570.1,  558.5,  541.6,  548.3,  558.0,  570.4,  582.8,  592.0,  598.1,  591.2,  580.4,  568.4,  557.4,  547.9,  565.1,  570.1,  574.9,  576.9,  574.8,  569.9,  565.0,  563.0,  710.9,  716.0,  728.7,  741.7,  747.4,  742.3,  729.6,  715.6,  702.3,  709.2,  719.2,  732.7,  745.3,  754.6,  760.9,  754.6,  746.1,  735.3,  722.7,  711.2,  722.4,  729.0,  735.5,  738.1,  735.2,  728.5,  722.0,  719.5,  343.8,  333.1,  328.4,  332.3,  342.7,  354.3,  358.1,  354.1,  351.4,  344.0,  339.2,  336.7,  338.6,  343.3,  349.8,  353.5,  354.2,  355.0,  355.3,  354.5,  348.9,  350.6,  348.5,  344.0,  339.5,  337.9,  339.9,  344.4,  345.3,  332.4,  327.0,  332.4,  345.4,  358.3,  363.7,  359.3,  351.2,  343.0,  338.1,  336.5,  338.9,  343.3,  350.3,  352.8,  354.1,  354.7,  354.3,  353.5,  352.5,  355.3,  352.5,  345.9,  339.3,  336.5,  339.3,  345.9,  -32.5,  -30.9,  -26.7,  -22.2,  -20.3,  -21.6,  -26.1,  -30.5,  -37.3,  -34.7,  -30.8,  -26.1,  -21.5,  -18.1,  -15.8,  -18.3,  -22.2,  -26.7,  -30.9,  -34.7,  -28.1,  -26.3,  -24.4,  -23.8,  -24.6,  -26.5,  -28.3,  -29.0,  24.5,  26.3,  30.9,  35.4,  37.3,  35.4,  30.9,  26.1,  21.6,  23.9,  27.3,  32.0,  36.5,  40.1,  42.6,  40.1,  36.8,  32.8,  28.4,  24.5,  28.6,  30.9,  33.2,  34.1,  33.2,  30.8,  28.5,  27.6,  -6.1,  -10.2,  -12.0,  -10.5,  -6.5,  -2.1,  -0.7,  -2.2,  -3.3,  -6.0,  -7.8,  -8.8,  -8.1,  -6.3,  -3.8,  -2.4,  -2.1,  -1.8,  -1.8,  -2.1,  -4.2,  -3.5,  -4.3,  -6.0,  -7.7,  -8.4,  -7.6,  -5.9,  -5.1,  -9.6,  -11.5,  -9.6,  -5.1,  -0.6,  1.3,  -0.2,  -3.0,  -5.9,  -7.6,  -8.1,  -7.3,  -5.8,  -3.4,  -2.5,  -2.0,  -1.8,  -2.0,  -2.2,  -2.6,  -1.6,  -2.6,  -4.9,  -7.2,  -8.2,  -7.2,  -4.9,  329.2,  331.0,  331.5,  330.6,  328.6,  327.0,  326.3,  327.3,  332.0,  330.6,  329.0,  328.5,  328.9,  329.7,  330.4,  328.2,  326.3,  325.8,  327.1,  329.4,  329.0,  328.6,  328.8,  329.6,  330.4,  330.8,  330.6,  329.8,  302.3,  303.4,  304.4,  304.7,  304.2,  303.1,  302.1,  301.9,  302.8,  302.2,  302.0,  302.3,  303.6,  306.0,  308.0,  305.7,  303.1,  301.1,  300.8,  301.7,  303.3,  303.5,  304.0,  304.6,  304.9,  304.7,  304.2,  303.6,  3.5,  33.3,  336.2,  -0.185,  0.043,  0.019,  466.7,  468.0,  474.9,  485.7,  502.6,  528.0,  559.7,  598.5,  644.7,  690.9,  732.2,  768.5,  797.9,  816.6,  826.7,  834.7,  839.3,  502.4,  522.4,  550.9,  581.4,  609.9,  690.2,  723.2,  753.8,  782.2,  801.6,  649.6,  649.5,  649.1,  648.5,  614.1,  631.0,  648.3,  666.4,  683.0,  538.3,  558.1,  581.6,  600.9,  580.9,  557.9,  700.6,  720.0,  743.6,  762.5,  745.0,  722.1,  586.5,  606.2,  630.4,  647.7,  667.2,  693.5,  713.0,  693.8,  668.9,  647.6,  628.0,  605.0,  598.1,  629.5,  647.3,  666.8,  702.4,  667.1,  647.0,  628.6,  369.3,  418.5,  466.9,  512.4,  553.7,  591.0,  621.1,  645.0,  654.8,  653.2,  638.1,  610.9,  572.9,  525.1,  471.8,  416.9,  362.7,  324.3,  301.0,  291.9,  292.5,  297.3,  297.1,  290.4,  290.5,  300.4,  321.5,  336.4,  364.6,  392.5,  421.5,  448.4,  453.9,  458.6,  454.1,  449.8,  351.3,  338.7,  337.9,  349.6,  355.0,  356.0,  349.9,  337.3,  338.8,  350.4,  355.7,  354.9,  526.6,  499.6,  488.7,  493.1,  489.4,  502.9,  527.0,  552.2,  561.5,  562.6,  560.1,  548.9,  525.2,  508.4,  509.4,  508.8,  526.3,  534.5,  535.6,  533.1,  -77.6,  -76.7,  -73.4,  -68.1,  -59.5,  -47.3,  -32.7,  -16.3,  1.8,  20.1,  37.8,  54.3,  68.0,  76.5,  80.8,  84.2,  86.7,  -56.8,  -47.9,  -35.8,  -23.2,  -11.7,  19.5,  32.6,  45.1,  56.6,  64.8,  3.7,  3.6,  3.3,  3.1,  -9.7,  -3.3,  3.1,  9.8,  16.0,  -41.0,  -32.8,  -23.3,  -15.5,  -23.5,  -32.8,  23.9,  31.5,  40.8,  48.5,  41.2,  32.2,  -20.7,  -12.6,  -3.5,  2.8,  9.9,  19.9,  27.8,  20.0,  10.6,  2.8,  -4.4,  -13.2,  -16.1,  -3.9,  2.7,  9.9,  23.7,  10.0,  2.6,  -4.2,  4.2,  26.1,  47.6,  67.3,  84.0,  97.6,  106.4,  111.6,  114.3,  115.5,  114.0,  106.0,  91.7,  71.6,  48.4,  24.6,  1.2,  -14.7,  -24.0,  -27.4,  -26.7,  -24.4,  -24.4,  -27.3,  -27.5,  -23.7,  -15.4,  -9.1,  1.7,  11.9,  22.1,  33.1,  34.8,  36.3,  34.8,  33.4,  -3.5,  -8.6,  -8.8,  -4.1,  -2.0,  -1.6,  -4.0,  -8.9,  -8.3,  -3.8,  -1.7,  -2.0,  64.5,  52.2,  47.4,  48.7,  47.4,  53.2,  63.7,  71.5,  74.0,  74.4,  74.0,  71.0,  63.5,  54.9,  55.0,  54.7,  63.1,  64.4,  64.9,  64.4,  392.0,  390.1,  389.3,  386.3,  379.2,  369.8,  356.5,  342.8,  339.1,  344.7,  358.8,  369.7,  376.8,  379.2,  378.6,  378.5,  380.7,  361.0,  356.1,  351.3,  346.0,  340.5,  339.4,  343.3,  346.5,  348.4,  350.6,  335.4,  328.6,  321.4,  314.6,  327.5,  324.6,  322.5,  323.7,  325.4,  353.0,  350.7,  349.3,  347.3,  347.6,  349.3,  344.9,  344.2,  344.6,  346.4,  343.6,  343.3,  338.9,  327.3,  322.5,  320.3,  320.2,  325.7,  333.6,  325.6,  321.3,  321.5,  323.4,  328.6,  336.5,  324.0,  322.0,  321.7,  332.0,  323.0,  323.3,  325.4,  2.543,  -0.053,  0.049,  0.017,  649.693,  449.120,  -24.084,  -4.586,  -8.463,  1.651,  -9.596,  -8.949,  7.416,  0.480,  8.138,  -10.816,  -6.942,  -5.847,  8.647,  -3.226,  1.774,  -0.485,  5.147,  0.045,  -1.096,  -4.581,  -0.124,  2.075,  1.562,  -0.343,  -0.055,  1.930,  -0.169,  0.048,  0.145,  -0.216,  0.472,  -0.865,  0.032,  0.282, 0.03, 0.00, 0.00, 0.10, 0.00, 0.63, 0.00, 0.23, 0.00, 0.00, 0.08, 0.16, 0.00, 0.00, 2.26, 2.41, 0.00, 0.00, 0.00, 0.00, 1.00, 0.00, 0.00, 0.00, 0.00, 0.00, 0.00, 0.00, 0.00, 0.00, 0.00, 1.00, 1.00, 0.00, 0.00
61,  0,  2.002,  0.98,  1,  0.018593,  -0.061515,  -0.997933,  -0.154785,  0.029663,  -0.987503,  -0.068,  -0.016,  553.6,  558.6,  570.3,  581.9,  586.7,  582.6,  570.0,  558.4,  541.8,  548.3,  558.1,  570.6,  583.2,  592.7,  598.9,  591.6,  580.6,  568.4,  557.4,  548.0,  565.3,  570.3,  575.4,  577.5,  575.5,  570.4,  565.4,  563.2,  710.7,  715.6,  728.3,  741.6,  747.5,  742.7,  729.9,  715.7,  702.0,  709.1,  719.4,  733.0,  745.5,  754.9,  761.4,  755.0,  746.3,  735.3,  722.6,  711.0,  722.5,  729.2,  735.6,  738.0,  735.0,  728.3,  721.9,  719.5,  344.4,  333.3,  328.5,  332.7,  343.5,  355.6,  359.4,  355.2,  352.1,  344.9,  340.2,  337.7,  339.5,  344.3,  351.1,  354.4,  355.1,  355.8,  356.0,  355.2,  349.7,  351.6,  349.5,  344.7,  340.0,  338.2,  340.3,  345.1,  346.4,  333.3,  327.8,  333.1,  346.1,  359.2,  364.7,  360.5,  352.3,  344.0,  339.0,  337.4,  339.8,  344.4,  351.4,  353.8,  354.9,  355.4,  355.1,  354.4,  353.5,  356.2,  353.4,  346.8,  340.3,  337.6,  340.4,  347.0,  -32.0,  -30.3,  -26.0,  -21.6,  -19.7,  -21.1,  -25.7,  -30.1,  -36.7,  -34.1,  -30.3,  -25.6,  -21.0,  -17.5,  -15.3,  -17.9,  -21.8,  -26.3,  -30.4,  -34.1,  -27.7,  -25.8,  -23.9,  -23.2,  -24.0,  -25.9,  -27.8,  -28.5,  24.2,  25.9,  30.4,  35.0,  37.0,  35.1,  30.7,  25.8,  21.2,  23.6,  27.1,  31.7,  36.2,  39.7,  42.3,  39.7,  36.4,  32.4,  28.1,  24.2,  28.3,  30.6,  32.8,  33.7,  32.7,  30.4,  28.1,  27.3,  -5.8,  -9.9,  -11.8,  -10.1,  -6.1,  -1.6,  -0.2,  -1.8,  -3.0,  -5.6,  -7.3,  -8.3,  -7.6,  -5.8,  -3.3,  -2.1,  -1.8,  -1.5,  -1.5,  -1.8,  -3.8,  -3.1,  -3.9,  -5.7,  -7.4,  -8.1,  -7.3,  -5.5,  -4.6,  -9.1,  -11.1,  -9.3,  -4.8,  -0.3,  1.6,  0.2,  -2.6,  -5.5,  -7.2,  -7.7,  -6.9,  -5.4,  -3.0,  -2.2,  -1.7,  -1.6,  -1.7,  -1.9,  -2.2,  -1.3,  -2.3,  -4.5,  -6.8,  -7.7,  -6.7,  -4.5,  324.5,  326.0,  326.3,  325.2,  323.4,  322.0,  321.5,  322.6,  327.3,  325.7,  324.0,  323.2,  323.5,  324.2,  325.0,  323.0,  321.3,  321.0,  322.4,  324.8,  324.1,  323.7,  323.8,  324.5,  325.3,  325.7,  325.6,  324.9,  298.8,  300.1,  301.2,  301.4,  300.7,  299.4,  298.3,  298.2,  299.0,  298.6,  298.4,  298.7,  300.1,  302.5,  304.5,  302.0,  299.4,  297.4,  297.1,  298.0,  299.7,  299.8,  300.4,  301.1,  301.5,  301.3,  300.8,  300.1,  3.6,  33.6,  335.3,  -0.187,  0.043,  0.019,  467.2,  468.3,  475.1,  486.0,  503.2,  528.9,  560.7,  599.4,  644.9,  690.2,  731.0,  767.2,  796.9,  816.0,  826.5,  834.6,  839.1,  502.2,  522.4,  550.9,  581.2,  609.7,  690.4,  723.2,  753.5,  782.1,  801.8,  649.9,  649.7,  649.2,  648.7,  613.6,  630.7,  648.4,  666.8,  683.8,  538.3,  558.4,  582.1,  601.6,  581.3,  557.9,  700.3,  720.0,  743.8,  763.0,  745.3,  722.1,  585.9,  605.9,  630.7,  648.0,  667.3,  693.8,  713.7,  694.3,  669.2,  648.0,  628.4,  604.6,  597.6,  629.9,  647.6,  667.0,  702.9,  667.4,  647.4,  629.0,  368.0,  418.5,  468.6,  515.5,  558.0,  595.7,  625.6,  648.3,  657.4,  655.6,  640.7,  613.6,  575.7,  527.5,  473.4,  417.5,  362.6,  325.4,  301.9,  292.6,  293.3,  298.2,  298.0,  291.6,  291.5,  301.1,  322.3,  337.2,  365.6,  393.5,  422.6,  449.3,  454.7,  459.3,  454.8,  450.6,  352.1,  339.6,  338.9,  350.7,  355.9,  356.9,  351.0,  338.2,  339.7,  351.1,  356.6,  355.8,  528.0,  500.0,  488.4,  492.8,  488.9,  502.9,  527.9,  553.9,  563.4,  564.7,  562.4,  551.3,  526.7,  508.8,  509.8,  509.2,  527.3,  535.4,  536.5,  534.2,  -77.2,  -76.3,  -73.2,  -67.9,  -59.2,  -46.9,  -32.3,  -15.9,  1.9,  19.8,  37.2,  53.6,  67.4,  76.1,  80.5,  83.9,  86.4,  -56.7,  -47.7,  -35.7,  -23.2,  -11.8,  19.5,  32.6,  44.9,  56.5,  64.6,  3.8,  3.6,  3.4,  3.1,  -9.9,  -3.4,  3.1,  9.9,  16.2,  -40.9,  -32.6,  -23.0,  -15.2,  -23.3,  -32.6,  23.7,  31.4,  40.8,  48.5,  41.2,  32.1,  -20.9,  -12.7,  -3.4,  2.9,  9.9,  19.9,  28.0,  20.1,  10.7,  2.9,  -4.3,  -13.2,  -16.3,  -3.7,  2.8,  9.9,  23.8,  10.1,  2.7,  -4.1,  3.6,  26.0,  48.2,  68.5,  85.7,  99.5,  108.1,  112.9,  115.1,  116.3,  114.8,  106.9,  92.7,  72.4,  49.0,  24.8,  1.1,  -14.2,  -23.6,  -27.0,  -26.3,  -24.0,  -24.0,  -26.8,  -27.1,  -23.4,  -15.1,  -8.7,  2.1,  12.3,  22.5,  33.3,  35.0,  36.5,  35.0,  33.6,  -3.2,  -8.2,  -8.4,  -3.7,  -1.6,  -1.2,  -3.5,  -8.6,  -8.0,  -3.5,  -1.3,  -1.6,  65.0,  52.2,  47.1,  48.4,  47.0,  53.0,  63.9,  71.9,  74.4,  74.9,  74.6,  71.6,  64.0,  54.9,  54.9,  54.6,  63.3,  64.5,  65.0,  64.6,  390.8,  389.0,  388.3,  385.4,  378.6,  369.4,  356.2,  342.5,  338.8,  344.2,  357.9,  368.9,  376.0,  378.3,  377.6,  377.3,  379.6,  359.9,  355.2,  350.5,  345.5,  340.1,  338.9,  342.8,  345.9,  347.7,  349.6,  334.9,  328.0,  320.9,  314.0,  326.7,  323.6,  321.4,  322.8,  324.7,  352.1,  349.6,  348.2,  346.0,  346.5,  348.1,  343.9,  343.2,  343.6,  345.4,  342.5,  342.2,  338.4,  326.4,  321.2,  319.0,  318.9,  324.5,  332.9,  324.6,  320.0,  320.2,  322.2,  327.7,  336.1,  323.0,  320.9,  320.6,  331.3,  321.9,  322.1,  324.3,  2.549,  -0.054,  0.049,  0.017,  649.796,  450.362,  -24.698,  -4.093,  -7.007,  2.769,  -10.898,  -9.143,  7.945,  0.444,  6.418,  -12.931,  -6.945,  -4.518,  9.457,  -2.762,  1.651,  0.385,  5.343,  -0.375,  -0.825,  -4.147,  0.310,  1.208,  1.326,  -0.455,  -0.232,  1.671,  -0.221,  -0.134,  -0.035,  -0.288,  0.579,  -0.932,  -0.023,  0.260, 0.00, 0.00, 0.00, 0.00, 0.00, 0.62, 0.00, 0.27, 0.00, 0.00, 0.21, 0.07, 0.01, 0.00, 2.43, 2.62, 0.00, 0.00, 0.00, 0.00, 1.00, 0.00, 0.00, 0.00, 0.00, 0.00, 0.00, 0.00, 0.00, 0.00, 0.00, 1.00, 1.00, 0.00, 0.00
62,  0,  2.035,  0.98,  1,  0.019709,  -0.067851,  -0.997501,  -0.150558,  0.020055,  -0.988398,  -0.066,  -0.024,  554.1,  559.0,  570.7,  582.4,  587.2,  583.2,  570.6,  558.9,  542.5,  549.1,  558.6,  570.9,  583.5,  593.1,  599.4,  592.0,  580.9,  568.6,  557.7,  548.5,  565.9,  570.9,  575.9,  578.0,  575.9,  570.9,  565.9,  563.8,  711.2,  716.1,  728.9,  742.0,  747.9,  743.0,  730.2,  716.1,  702.7,  709.7,  719.8,  733.3,  745.7,  755.1,  761.6,  755.2,  746.6,  735.8,  723.1,  711.5,  722.8,  729.6,  736.1,  738.6,  735.6,  728.8,  722.3,  719.8,  345.5,  334.5,  329.4,  333.4,  344.0,  356.1,  360.1,  356.1,  352.7,  345.7,  341.0,  338.6,  340.4,  345.0,  351.5,  355.1,  356.0,  356.7,  356.9,  356.0,  350.6,  352.3,  350.2,  345.5,  340.9,  339.2,  341.4,  346.1,  347.2,  334.3,  328.9,  334.1,  347.0,  360.0,  365.4,  361.2,  352.9,  344.8,  339.9,  338.4,  340.8,  345.2,  352.1,  354.7,  355.9,  356.4,  356.0,  355.2,  354.4,  357.1,  354.4,  347.7,  341.1,  338.4,  341.2,  347.8,  -31.9,  -30.2,  -25.9,  -21.4,  -19.5,  -20.9,  -25.5,  -29.9,  -36.5,  -33.9,  -30.2,  -25.5,  -20.9,  -17.4,  -15.1,  -17.7,  -21.7,  -26.2,  -30.3,  -34.0,  -27.5,  -25.6,  -23.7,  -23.0,  -23.8,  -25.7,  -27.6,  -28.3,  24.5,  26.3,  30.8,  35.4,  37.3,  35.5,  31.0,  26.1,  21.6,  24.0,  27.4,  32.1,  36.5,  40.1,  42.6,  40.1,  36.8,  32.8,  28.4,  24.6,  28.6,  30.9,  33.2,  34.2,  33.2,  30.8,  28.5,  27.6,  -5.4,  -9.5,  -11.4,  -9.9,  -5.9,  -1.4,  0.0,  -1.4,  -2.7,  -5.3,  -7.0,  -7.9,  -7.3,  -5.6,  -3.2,  -1.8,  -1.5,  -1.2,  -1.1,  -1.5,  -3.5,  -2.8,  -3.6,  -5.4,  -7.1,  -7.7,  -6.9,  -5.2,  -4.4,  -8.9,  -10.8,  -9.0,  -4.5,  -0.0,  1.9,  0.4,  -2.5,  -5.2,  -6.9,  -7.4,  -6.6,  -5.1,  -2.8,  -1.8,  -1.4,  -1.2,  -1.4,  -1.6,  -1.9,  -1.0,  -2.0,  -4.3,  -6.6,  -7.5,  -6.5,  -4.2,  324.7,  326.3,  326.6,  325.4,  323.3,  321.8,  321.4,  322.7,  327.6,  326.1,  324.3,  323.4,  323.6,  324.1,  324.7,  322.8,  321.1,  320.9,  322.4,  325.0,  324.2,  323.7,  323.8,  324.5,  325.3,  325.9,  325.8,  325.1,  301.1,  302.4,  303.5,  303.7,  302.9,  301.6,  300.6,  300.5,  301.5,  301.0,  300.8,  301.1,  302.4,  304.7,  306.7,  304.3,  301.7,  299.7,  299.4,  300.4,  302.0,  302.1,  302.7,  303.4,  303.8,  303.7,  303.1,  302.4,  3.7,  33.5,  336.3,  -0.209,  0.040,  0.020,  467.9,  468.6,  475.0,  485.2,  502.3,  528.5,  560.5,  599.8,  645.3,  690.4,  731.3,  767.6,  797.4,  816.2,  826.3,  834.3,  838.6,  502.4,  522.7,  551.4,  581.7,  610.5,  690.3,  723.3,  753.5,  782.5,  802.7,  650.2,  650.1,  649.8,  649.3,  613.9,  631.2,  649.0,  667.5,  684.6,  538.7,  558.8,  582.5,  602.1,  581.7,  558.3,  700.6,  720.4,  744.2,  763.4,  745.6,  722.5,  584.5,  606.1,  631.1,  648.8,  668.3,  694.9,  715.9,  695.4,  670.2,  648.8,  629.0,  605.0,  596.6,  630.2,  648.4,  668.2,  704.9,  668.2,  648.1,  629.5,  368.0,  418.3,  468.8,  516.0,  558.2,  595.4,  624.5,  646.2,  654.9,  653.6,  639.3,  613.1,  576.2,  528.3,  474.2,  418.1,  363.2,  326.2,  302.9,  293.8,  294.6,  299.4,  299.4,  292.9,  292.8,  301.9,  322.8,  337.6,  365.9,  394.0,  423.2,  450.6,  455.8,  460.4,  455.9,  451.9,  352.7,  340.5,  339.8,  351.2,  356.6,  357.7,  351.6,  339.2,  340.9,  351.8,  357.4,  356.6,  527.0,  500.3,  489.0,  493.5,  489.4,  503.0,  526.8,  549.2,  557.1,  558.2,  556.3,  547.0,  525.9,  511.0,  512.0,  511.1,  526.0,  527.5,  528.4,  526.5,  -77.2,  -76.5,  -73.6,  -68.5,  -59.8,  -47.1,  -32.3,  -15.7,  2.0,  19.8,  37.4,  54.0,  67.9,  76.6,  80.8,  84.1,  86.4,  -57.0,  -47.9,  -35.7,  -23.2,  -11.6,  19.7,  32.9,  45.3,  57.0,  65.4,  3.9,  3.8,  3.6,  3.4,  -9.8,  -3.3,  3.3,  10.2,  16.7,  -41.0,  -32.7,  -23.0,  -15.1,  -23.2,  -32.7,  24.0,  31.8,  41.2,  49.0,  41.6,  32.5,  -21.5,  -12.7,  -3.3,  3.2,  10.4,  20.4,  28.9,  20.5,  11.0,  3.2,  -4.1,  -13.1,  -16.7,  -3.6,  3.1,  10.4,  24.6,  10.4,  3.0,  -3.9,  3.6,  26.0,  48.5,  69.0,  86.1,  99.5,  107.5,  111.8,  114.0,  115.5,  114.4,  107.1,  93.3,  73.1,  49.5,  25.2,  1.4,  -14.0,  -23.3,  -26.7,  -26.0,  -23.8,  -23.7,  -26.5,  -26.8,  -23.3,  -15.0,  -8.6,  2.2,  12.5,  22.8,  34.0,  35.7,  37.1,  35.6,  34.3,  -3.0,  -7.8,  -8.1,  -3.5,  -1.4,  -0.9,  -3.3,  -8.2,  -7.6,  -3.2,  -1.0,  -1.4,  64.7,  52.5,  47.5,  48.8,  47.3,  53.2,  63.6,  70.2,  72.0,  72.4,  72.1,  70.0,  63.8,  55.9,  55.9,  55.6,  62.9,  61.6,  61.9,  61.6,  392.5,  390.8,  390.3,  387.4,  380.0,  369.8,  355.8,  341.7,  338.2,  344.1,  358.4,  370.2,  377.6,  380.2,  379.4,  378.7,  380.7,  362.3,  357.6,  353.2,  348.5,  343.3,  342.0,  345.8,  348.8,  350.3,  351.8,  337.7,  330.6,  323.3,  316.3,  328.7,  325.6,  323.4,  325.1,  327.1,  354.1,  351.8,  350.5,  348.3,  348.5,  350.2,  346.6,  345.9,  346.2,  347.7,  345.0,  344.8,  339.0,  327.1,  322.2,  320.1,  320.0,  325.4,  333.7,  324.6,  319.5,  319.5,  321.6,  327.5,  336.5,  324.0,  322.0,  321.7,  331.7,  321.6,  321.7,  323.9,  2.538,  -0.074,  0.046,  0.018,  650.185,  449.998,  -21.939,  -3.800,  -11.569,  0.162,  -13.689,  -5.890,  4.613,  0.821,  5.292,  -13.454,  -7.764,  -4.207,  9.004,  -1.900,  1.110,  1.273,  3.949,  -0.552,  0.994,  -5.129,  0.342,  -0.467,  1.470,  0.116,  -0.765,  1.722,  -0.647,  -0.278,  -0.164,  -0.410,  0.524,  -0.968,  -0.123,  0.314, 0.00, 0.00, 0.00, 0.05, 0.00, 0.48, 0.00, 0.30, 0.03, 0.00, 0.32, 0.16, 0.01, 0.00, 2.07, 2.18, 0.00, 0.00, 0.00, 0.00, 1.00, 0.00, 0.00, 0.00, 0.00, 0.00, 0.00, 0.00, 0.00, 0.00, 0.00, 1.00, 1.00, 0.00, 0.00
63,  0,  2.069,  0.98,  1,  0.026436,  -0.066966,  -0.997405,  -0.155094,  0.020428,  -0.987689,  -0.065,  -0.023,  554.3,  559.3,  571.1,  582.7,  587.3,  583.1,  570.5,  558.9,  542.5,  549.1,  558.7,  571.1,  583.7,  593.2,  599.3,  592.0,  580.8,  568.5,  557.7,  548.5,  565.9,  570.9,  576.0,  578.2,  576.2,  571.2,  566.1,  563.9,  711.6,  716.4,  729.1,  742.2,  748.0,  743.2,  730.5,  716.4,  703.1,  710.0,  720.1,  733.4,  745.7,  755.1,  761.7,  755.3,  746.7,  735.9,  723.4,  712.0,  723.1,  729.8,  736.3,  738.7,  735.7,  729.0,  722.6,  720.1,  345.4,  334.5,  329.7,  333.9,  344.6,  356.6,  360.3,  356.1,  353.0,  345.8,  341.2,  338.8,  340.6,  345.3,  351.9,  355.4,  356.1,  356.8,  357.0,  356.1,  350.8,  352.6,  350.6,  345.8,  341.2,  339.4,  341.5,  346.2,  347.4,  334.6,  329.2,  334.5,  347.2,  360.0,  365.4,  361.2,  353.1,  345.0,  340.1,  338.6,  341.0,  345.5,  352.4,  354.8,  356.0,  356.4,  356.1,  355.4,  354.6,  357.2,  354.5,  348.0,  341.5,  338.8,  341.5,  348.1,  -31.8,  -30.1,  -25.7,  -21.3,  -19.5,  -20.9,  -25.6,  -29.9,  -36.5,  -33.9,  -30.2,  -25.5,  -20.8,  -17.4,  -15.1,  -17.7,  -21.7,  -26.2,  -30.4,  -34.0,  -27.5,  -25.6,  -23.7,  -22.9,  -23.8,  -25.7,  -27.5,  -28.3,  24.8,  26.6,  31.1,  35.7,  37.7,  35.8,  31.3,  26.4,  21.9,  24.3,  27.7,  32.4,  36.8,  40.4,  42.9,  40.3,  37.0,  33.1,  28.7,  24.9,  28.9,  31.2,  33.5,  34.5,  33.5,  31.1,  28.8,  27.9,  -5.4,  -9.5,  -11.3,  -9.7,  -5.7,  -1.3,  0.1,  -1.4,  -2.6,  -5.3,  -7.0,  -7.9,  -7.2,  -5.4,  -3.0,  -1.7,  -1.4,  -1.2,  -1.1,  -1.4,  -3.4,  -2.7,  -3.5,  -5.3,  -7.0,  -7.7,  -6.9,  -5.1,  -4.4,  -8.9,  -10.8,  -8.9,  -4.5,  0.0,  1.9,  0.4,  -2.4,  -5.2,  -6.9,  -7.4,  -6.6,  -5.1,  -2.7,  -1.8,  -1.4,  -1.2,  -1.4,  -1.6,  -1.9,  -1.0,  -1.9,  -4.2,  -6.5,  -7.4,  -6.4,  -4.2,  325.0,  326.6,  326.9,  325.7,  323.7,  322.2,  321.8,  323.0,  327.8,  326.3,  324.6,  323.8,  324.0,  324.5,  325.1,  323.2,  321.5,  321.2,  322.8,  325.3,  324.5,  324.0,  324.1,  324.8,  325.7,  326.2,  326.1,  325.4,  303.4,  304.9,  305.9,  306.1,  305.2,  303.8,  302.7,  302.7,  303.6,  303.2,  303.1,  303.3,  304.6,  306.8,  308.7,  306.3,  303.7,  301.8,  301.5,  302.5,  304.2,  304.3,  304.9,  305.6,  306.1,  306.0,  305.4,  304.7,  3.7,  33.7,  338.3,  -0.194,  0.040,  0.021,  467.7,  468.7,  474.9,  484.9,  501.6,  527.1,  558.8,  597.7,  643.8,  689.8,  731.4,  768.2,  798.0,  816.8,  826.6,  834.4,  838.8,  502.6,  523.1,  551.6,  581.9,  610.5,  690.9,  723.7,  754.1,  782.8,  802.6,  650.6,  650.4,  649.9,  649.3,  613.5,  631.0,  648.9,  667.7,  684.9,  538.9,  559.0,  582.6,  601.8,  581.6,  558.5,  701.2,  720.6,  744.3,  763.4,  745.7,  722.8,  583.4,  605.4,  630.9,  648.5,  668.2,  695.4,  716.9,  695.9,  669.9,  648.3,  628.4,  604.0,  595.0,  629.9,  648.0,  667.9,  706.2,  668.1,  647.8,  629.1,  370.0,  419.8,  469.2,  515.2,  556.4,  592.6,  620.5,  642.0,  650.9,  650.0,  636.7,  611.4,  574.6,  527.0,  473.5,  418.2,  364.0,  326.1,  303.1,  294.0,  294.7,  299.5,  299.5,  292.9,  292.7,  302.1,  323.0,  338.4,  366.8,  394.8,  423.9,  450.0,  455.6,  460.4,  455.7,  451.4,  353.1,  340.6,  340.0,  351.8,  356.8,  357.7,  352.1,  339.4,  340.8,  352.2,  357.4,  356.8,  525.8,  499.9,  489.4,  493.7,  489.9,  502.9,  526.0,  549.7,  558.2,  559.2,  557.1,  547.0,  524.8,  509.2,  510.2,  509.4,  525.5,  531.3,  532.2,  530.1,  -77.6,  -76.7,  -73.7,  -68.8,  -60.3,  -48.0,  -33.3,  -16.6,  1.5,  19.7,  37.6,  54.5,  68.5,  77.1,  81.2,  84.5,  87.1,  -57.0,  -47.9,  -35.8,  -23.2,  -11.6,  19.9,  33.1,  45.5,  57.3,  65.5,  4.1,  3.9,  3.7,  3.4,  -10.0,  -3.4,  3.3,  10.3,  16.8,  -41.0,  -32.7,  -23.1,  -15.3,  -23.3,  -32.7,  24.3,  31.9,  41.4,  49.2,  41.8,  32.7,  -22.2,  -13.1,  -3.4,  3.1,  10.4,  20.8,  29.6,  20.9,  11.0,  3.0,  -4.3,  -13.6,  -17.5,  -3.8,  3.0,  10.3,  25.4,  10.4,  2.9,  -4.1,  4.5,  26.8,  48.8,  68.8,  85.6,  98.8,  106.6,  110.8,  112.9,  114.5,  113.8,  106.8,  93.0,  72.8,  49.4,  25.3,  1.7,  -14.1,  -23.3,  -26.7,  -26.0,  -23.7,  -23.7,  -26.6,  -26.8,  -23.2,  -14.9,  -8.3,  2.6,  12.9,  23.2,  33.9,  35.7,  37.2,  35.7,  34.3,  -2.8,  -7.8,  -8.0,  -3.3,  -1.3,  -0.9,  -3.1,  -8.2,  -7.6,  -3.1,  -1.0,  -1.3,  64.9,  52.8,  48.0,  49.3,  47.9,  53.7,  64.0,  71.1,  73.0,  73.4,  73.1,  70.7,  64.1,  55.6,  55.6,  55.3,  63.4,  63.5,  63.9,  63.5,  394.2,  391.9,  390.9,  388.0,  381.3,  371.8,  358.2,  343.8,  339.7,  345.3,  359.9,  371.8,  379.2,  381.6,  380.8,  380.6,  383.1,  363.3,  358.5,  353.9,  348.9,  343.3,  342.3,  346.3,  349.3,  350.9,  352.6,  338.2,  331.4,  324.3,  317.5,  330.0,  326.9,  324.6,  326.2,  328.0,  355.1,  352.8,  351.4,  349.5,  349.6,  351.2,  347.3,  346.6,  347.0,  348.6,  345.8,  345.5,  342.5,  330.4,  324.9,  322.7,  322.6,  328.5,  337.2,  327.9,  322.3,  322.4,  324.6,  331.0,  340.1,  326.3,  324.2,  323.9,  335.4,  324.5,  324.7,  327.0,  2.526,  -0.061,  0.045,  0.019,  650.094,  449.804,  -23.853,  -5.415,  -7.696,  -2.843,  -10.186,  -5.558,  4.353,  0.608,  6.008,  -10.241,  -7.243,  -4.250,  8.824,  -2.619,  0.954,  1.467,  5.864,  -1.147,  -0.684,  -4.001,  0.646,  1.163,  1.413,  -0.317,  -0.136,  1.635,  -0.813,  -0.343,  -0.068,  -0.351,  0.617,  -1.022,  0.037,  0.340, 0.00, 0.00, 0.00, 0.05, 0.00, 0.50, 0.00, 0.29, 0.03, 0.00, 0.36, 0.38, 0.01, 0.00, 1.53, 1.61, 0.00, 0.00, 0.00, 0.00, 1.00, 0.00, 0.00, 0.00, 0.00, 0.00, 0.00, 0.00, 0.00, 0.00, 0.00, 1.00, 1.00, 0.00, 0.00
64,  0,  2.102,  0.98,  1,  0.023687,  -0.072678,  -0.997074,  -0.150780,  0.018174,  -0.988400,  -0.064,  -0.027,  554.3,  559.3,  571.0,  582.6,  587.3,  583.1,  570.6,  559.0,  542.5,  549.1,  558.8,  571.2,  583.7,  593.1,  599.2,  592.1,  581.2,  569.0,  558.1,  548.7,  565.9,  570.9,  575.9,  578.0,  576.0,  571.1,  566.1,  563.9,  711.6,  716.4,  729.0,  742.2,  748.1,  743.3,  730.6,  716.5,  702.7,  709.7,  719.9,  733.4,  745.9,  755.2,  761.7,  755.4,  746.9,  736.1,  723.4,  711.7,  723.2,  729.8,  736.2,  738.6,  735.6,  729.0,  722.6,  720.2,  345.3,  334.4,  329.7,  334.1,  344.8,  356.8,  360.4,  356.1,  353.1,  346.1,  341.5,  339.0,  340.8,  345.5,  352.2,  355.6,  356.3,  357.0,  357.2,  356.3,  350.7,  352.6,  350.6,  345.9,  341.3,  339.5,  341.5,  346.1,  347.5,  334.6,  329.2,  334.5,  347.4,  360.4,  365.8,  361.6,  353.5,  345.3,  340.4,  338.8,  341.2,  345.7,  352.6,  355.0,  356.1,  356.6,  356.3,  355.6,  354.7,  357.4,  354.7,  348.1,  341.6,  338.9,  341.7,  348.2,  -32.0,  -30.3,  -25.9,  -21.5,  -19.6,  -21.1,  -25.7,  -30.1,  -36.7,  -34.1,  -30.3,  -25.6,  -21.0,  -17.5,  -15.2,  -17.8,  -21.7,  -26.2,  -30.4,  -34.1,  -27.6,  -25.7,  -23.9,  -23.1,  -23.9,  -25.8,  -27.7,  -28.4,  24.5,  26.3,  30.8,  35.3,  37.3,  35.5,  31.0,  26.2,  21.5,  23.9,  27.3,  32.0,  36.5,  40.0,  42.5,  40.0,  36.7,  32.8,  28.4,  24.5,  28.6,  30.9,  33.2,  34.1,  33.1,  30.8,  28.5,  27.6,  -5.5,  -9.6,  -11.4,  -9.7,  -5.6,  -1.2,  0.2,  -1.4,  -2.6,  -5.2,  -6.9,  -7.8,  -7.1,  -5.4,  -2.9,  -1.6,  -1.4,  -1.1,  -1.1,  -1.4,  -3.5,  -2.8,  -3.5,  -5.3,  -7.0,  -7.7,  -6.9,  -5.2,  -4.3,  -8.8,  -10.7,  -8.8,  -4.3,  0.1,  2.0,  0.5,  -2.2,  -5.0,  -6.7,  -7.3,  -6.5,  -5.0,  -2.6,  -1.7,  -1.3,  -1.2,  -1.3,  -1.5,  -1.8,  -0.9,  -1.8,  -4.1,  -6.4,  -7.3,  -6.3,  -4.1,  326.7,  328.3,  328.7,  327.6,  325.7,  324.3,  323.8,  324.8,  329.5,  328.0,  326.3,  325.6,  325.9,  326.6,  327.4,  325.4,  323.6,  323.2,  324.6,  327.0,  326.4,  325.9,  326.1,  326.8,  327.6,  328.0,  327.9,  327.2,  299.8,  301.2,  302.3,  302.7,  301.9,  300.6,  299.4,  299.2,  300.0,  299.6,  299.4,  299.8,  301.3,  303.7,  305.8,  303.3,  300.5,  298.5,  298.1,  298.9,  300.8,  301.0,  301.6,  302.3,  302.6,  302.5,  301.9,  301.2,  3.8,  33.4,  338.3,  -0.196,  0.036,  0.020,  467.5,  468.5,  474.6,  484.4,  500.9,  526.3,  558.6,  598.3,  645.0,  691.4,  732.7,  769.3,  798.7,  817.1,  826.7,  834.3,  838.6,  502.7,  523.1,  551.6,  581.9,  610.7,  690.6,  723.6,  754.1,  782.9,  802.9,  650.8,  650.6,  650.2,  649.7,  613.6,  631.2,  649.4,  668.3,  685.5,  539.0,  559.1,  582.6,  602.0,  581.8,  558.6,  701.0,  720.6,  744.2,  763.5,  745.7,  722.8,  583.9,  606.6,  632.0,  649.1,  668.0,  694.9,  717.0,  695.4,  669.8,  649.0,  629.9,  605.5,  595.5,  631.1,  648.6,  667.8,  706.2,  668.0,  648.4,  630.4,  369.8,  419.2,  468.2,  513.9,  554.9,  590.9,  618.3,  639.0,  647.4,  646.4,  633.7,  609.2,  573.0,  525.8,  472.8,  418.2,  364.5,  326.4,  303.4,  294.2,  294.9,  299.6,  299.5,  293.2,  293.0,  302.5,  323.8,  338.6,  367.0,  395.1,  424.3,  449.8,  455.4,  460.2,  455.6,  451.2,  353.2,  340.8,  340.2,  352.1,  357.0,  358.0,  352.4,  339.5,  341.0,  352.4,  357.6,  356.9,  525.0,  499.8,  489.4,  493.6,  489.8,  502.6,  525.1,  546.7,  553.9,  554.8,  552.9,  544.2,  524.0,  508.7,  509.6,  508.9,  524.4,  527.8,  528.5,  526.7,  -77.9,  -77.0,  -74.0,  -69.1,  -60.8,  -48.5,  -33.4,  -16.4,  1.9,  20.3,  38.3,  55.2,  69.2,  77.7,  81.8,  85.0,  87.5,  -57.1,  -47.9,  -35.8,  -23.2,  -11.5,  19.8,  33.1,  45.6,  57.5,  65.9,  4.2,  4.0,  3.8,  3.5,  -10.0,  -3.3,  3.5,  10.5,  17.1,  -41.0,  -32.7,  -23.1,  -15.2,  -23.3,  -32.7,  24.3,  32.0,  41.4,  49.3,  41.9,  32.8,  -22.0,  -12.6,  -3.0,  3.3,  10.3,  20.6,  29.8,  20.8,  10.9,  3.3,  -3.8,  -13.0,  -17.3,  -3.3,  3.2,  10.3,  25.4,  10.4,  3.1,  -3.6,  4.4,  26.6,  48.4,  68.3,  85.2,  98.5,  106.0,  109.8,  111.7,  113.2,  112.9,  106.3,  92.8,  72.7,  49.4,  25.4,  2.0,  -14.0,  -23.2,  -26.7,  -26.0,  -23.7,  -23.7,  -26.5,  -26.8,  -23.1,  -14.6,  -8.3,  2.7,  13.0,  23.3,  33.9,  35.7,  37.2,  35.6,  34.2,  -2.8,  -7.7,  -8.0,  -3.2,  -1.2,  -0.8,  -3.0,  -8.1,  -7.5,  -3.0,  -0.9,  -1.2,  64.6,  52.8,  48.0,  49.3,  47.9,  53.6,  63.8,  69.9,  71.3,  71.6,  71.4,  69.6,  63.8,  55.5,  55.5,  55.1,  63.2,  62.1,  62.4,  62.2,  395.4,  392.9,  391.6,  388.6,  382.2,  373.0,  359.2,  344.3,  340.0,  345.8,  361.0,  373.4,  381.3,  383.8,  383.1,  382.8,  385.4,  363.8,  359.0,  354.3,  349.1,  343.3,  342.2,  346.6,  349.8,  351.9,  354.0,  338.4,  331.5,  324.3,  317.3,  330.0,  326.9,  324.6,  326.3,  328.3,  355.6,  353.2,  351.8,  349.8,  349.9,  351.5,  347.8,  347.2,  347.8,  349.5,  346.5,  346.2,  342.8,  330.5,  324.9,  322.9,  322.8,  329.0,  338.2,  327.7,  321.7,  321.7,  323.8,  330.6,  340.4,  326.3,  324.3,  324.0,  336.1,  324.0,  324.1,  326.4,  2.523,  -0.061,  0.039,  0.018,  650.360,  448.977,  -17.594,  -5.432,  -8.902,  -3.520,  -10.388,  -4.452,  3.275,  0.508,  5.072,  -9.462,  -7.530,  -3.502,  8.400,  -3.235,  1.153,  2.121,  6.414,  -1.068,  -0.642,  -3.376,  0.893,  1.412,  1.393,  -0.576,  -0.437,  2.121,  -0.701,  -0.161,  -0.145,  -0.395,  0.742,  -1.066,  -0.086,  0.315, 0.04, 0.00, 0.00, 0.05, 0.00, 0.51, 0.00, 0.30, 0.03, 0.00, 0.30, 0.47, 0.05, 0.00, 1.39, 1.25, 0.00, 0.00, 0.00, 0.00, 1.00, 0.00, 0.00, 0.00, 0.00, 0.00, 0.00, 0.00, 0.00, 0.00, 0.00, 1.00, 1.00, 0.00, 0.00
65,  0,  2.135,  0.98,  1,  0.027539,  -0.080597,  -0.996366,  -0.157635,  0.016958,  -0.987352,  -0.065,  -0.032,  554.4,  559.4,  571.1,  582.5,  587.1,  583.0,  570.5,  559.0,  542.8,  549.2,  558.7,  571.1,  583.7,  593.0,  599.0,  591.9,  580.8,  568.6,  557.8,  548.7,  566.0,  570.9,  575.8,  578.0,  576.0,  571.1,  566.2,  564.0,  711.4,  716.4,  729.1,  742.1,  747.9,  743.0,  730.2,  716.2,  702.7,  709.7,  719.8,  733.4,  745.9,  755.3,  761.7,  755.3,  746.7,  736.0,  723.3,  711.7,  723.0,  729.6,  736.0,  738.4,  735.5,  729.0,  722.6,  720.2,  345.5,  334.7,  330.0,  334.2,  344.8,  356.7,  360.4,  356.2,  353.3,  346.2,  341.7,  339.3,  341.0,  345.6,  352.1,  355.7,  356.5,  357.3,  357.5,  356.6,  350.8,  352.6,  350.6,  346.0,  341.5,  339.7,  341.7,  346.3,  347.7,  334.6,  329.2,  334.6,  347.6,  360.6,  366.0,  361.7,  353.3,  345.2,  340.5,  339.0,  341.4,  345.7,  352.6,  354.9,  356.1,  356.6,  356.2,  355.5,  354.8,  357.4,  354.7,  348.2,  341.7,  339.0,  341.7,  348.3,  -32.1,  -30.3,  -26.0,  -21.6,  -19.7,  -21.2,  -25.8,  -30.2,  -36.7,  -34.2,  -30.4,  -25.7,  -21.1,  -17.6,  -15.4,  -17.9,  -22.0,  -26.5,  -30.6,  -34.2,  -27.7,  -25.8,  -24.0,  -23.2,  -24.0,  -25.9,  -27.8,  -28.5,  24.6,  26.4,  30.9,  35.5,  37.4,  35.6,  31.1,  26.2,  21.6,  24.0,  27.5,  32.2,  36.7,  40.2,  42.7,  40.2,  36.8,  32.9,  28.5,  24.6,  28.7,  31.0,  33.3,  34.2,  33.2,  30.9,  28.7,  27.7,  -5.4,  -9.5,  -11.3,  -9.7,  -5.7,  -1.2,  0.1,  -1.4,  -2.5,  -5.2,  -6.8,  -7.7,  -7.1,  -5.4,  -2.9,  -1.6,  -1.3,  -1.0,  -0.9,  -1.3,  -3.4,  -2.8,  -3.5,  -5.2,  -7.0,  -7.6,  -6.9,  -5.1,  -4.3,  -8.8,  -10.7,  -8.8,  -4.3,  0.2,  2.1,  0.6,  -2.3,  -5.1,  -6.7,  -7.2,  -6.4,  -5.0,  -2.6,  -1.8,  -1.3,  -1.2,  -1.3,  -1.5,  -1.8,  -0.9,  -1.8,  -4.1,  -6.4,  -7.3,  -6.3,  -4.1,  327.9,  329.5,  329.8,  328.6,  326.6,  325.1,  324.7,  325.9,  330.7,  329.2,  327.4,  326.6,  326.9,  327.5,  328.1,  326.2,  324.5,  324.2,  325.7,  328.2,  327.4,  326.9,  327.1,  327.7,  328.6,  329.1,  328.9,  328.3,  301.6,  302.8,  303.8,  304.1,  303.5,  302.3,  301.2,  301.1,  301.8,  301.3,  301.0,  301.3,  302.7,  305.1,  307.2,  304.8,  302.1,  300.1,  299.8,  300.7,  302.5,  302.7,  303.2,  303.8,  304.2,  304.0,  303.5,  302.9,  3.8,  33.1,  339.4,  -0.203,  0.038,  0.019,  467.6,  468.8,  474.9,  484.5,  500.9,  526.4,  558.8,  598.0,  644.8,  691.9,  734.2,  771.2,  800.5,  818.3,  827.4,  834.7,  839.0,  502.5,  522.8,  551.4,  581.7,  610.7,  690.9,  723.9,  754.4,  783.0,  802.6,  650.8,  650.5,  649.9,  649.2,  613.7,  631.2,  649.1,  667.7,  684.7,  539.1,  559.0,  582.4,  601.5,  581.5,  558.6,  701.3,  720.6,  744.2,  763.2,  745.5,  722.8,  584.9,  606.8,  630.7,  648.5,  668.5,  694.3,  715.4,  694.7,  670.0,  648.3,  628.5,  605.7,  596.3,  629.8,  648.1,  668.4,  704.6,  668.4,  647.9,  629.2,  370.1,  419.3,  468.0,  513.4,  553.7,  588.4,  614.0,  633.3,  641.2,  640.5,  628.4,  604.8,  569.6,  523.4,  471.6,  417.9,  365.2,  326.7,  303.8,  294.5,  295.2,  299.7,  299.4,  293.0,  292.9,  302.3,  323.4,  339.1,  367.3,  395.0,  423.7,  450.0,  455.5,  460.1,  455.7,  451.4,  353.4,  341.1,  340.3,  352.2,  357.2,  358.2,  352.4,  339.6,  341.0,  352.4,  357.7,  357.1,  524.6,  499.9,  489.8,  494.1,  490.3,  503.0,  524.8,  542.4,  548.7,  549.6,  547.7,  540.1,  523.2,  509.3,  510.3,  509.4,  523.8,  523.1,  524.0,  522.1,  -78.5,  -77.5,  -74.5,  -69.6,  -61.2,  -48.7,  -33.4,  -16.5,  1.9,  20.5,  39.0,  56.3,  70.3,  78.7,  82.5,  85.7,  88.2,  -57.6,  -48.4,  -36.1,  -23.4,  -11.6,  20.0,  33.4,  46.0,  57.8,  66.1,  4.2,  4.0,  3.7,  3.4,  -10.0,  -3.3,  3.4,  10.4,  16.9,  -41.2,  -32.8,  -23.2,  -15.5,  -23.5,  -32.9,  24.5,  32.1,  41.6,  49.5,  42.0,  32.9,  -21.6,  -12.6,  -3.5,  3.2,  10.6,  20.5,  29.2,  20.5,  11.1,  3.1,  -4.3,  -13.0,  -17.0,  -3.8,  3.0,  10.5,  24.8,  10.6,  2.9,  -4.0,  4.6,  26.8,  48.7,  68.7,  85.2,  97.8,  104.5,  107.7,  109.4,  111.1,  111.1,  104.9,  91.8,  72.1,  49.1,  25.5,  2.3,  -13.9,  -23.2,  -26.7,  -26.0,  -23.8,  -23.8,  -26.6,  -27.0,  -23.3,  -14.9,  -8.1,  2.8,  13.0,  23.3,  34.2,  35.9,  37.4,  35.9,  34.5,  -2.7,  -7.7,  -8.0,  -3.1,  -1.1,  -0.7,  -3.0,  -8.1,  -7.6,  -3.0,  -0.9,  -1.2,  64.5,  53.0,  48.4,  49.7,  48.3,  54.0,  63.8,  68.5,  69.6,  70.0,  69.7,  68.2,  63.4,  55.9,  55.9,  55.6,  63.0,  60.6,  60.9,  60.7,  398.3,  395.8,  394.7,  391.6,  384.8,  374.8,  360.0,  344.8,  340.4,  346.7,  362.3,  375.1,  383.3,  386.0,  385.3,  385.0,  387.9,  366.3,  361.1,  356.3,  350.9,  345.0,  344.1,  348.3,  351.6,  353.6,  356.0,  340.3,  333.5,  326.2,  319.3,  332.2,  329.1,  326.8,  328.2,  330.0,  357.5,  354.8,  353.4,  351.7,  351.6,  353.2,  349.7,  349.0,  349.6,  351.5,  348.4,  348.1,  342.7,  331.2,  326.4,  324.3,  324.3,  330.2,  338.5,  328.7,  322.9,  322.9,  325.0,  331.3,  340.1,  327.6,  325.6,  325.5,  336.3,  325.1,  325.2,  327.5,  2.511,  -0.068,  0.042,  0.017,  650.312,  447.857,  -13.084,  -4.612,  -14.007,  -5.806,  -9.594,  -3.700,  2.310,  0.296,  5.348,  -7.716,  -7.234,  -4.059,  9.366,  -1.752,  1.311,  2.566,  5.497,  -1.211,  -0.968,  -4.814,  0.925,  1.738,  1.171,  -0.930,  0.422,  1.697,  -0.473,  -0.213,  -0.046,  -0.270,  0.679,  -0.902,  0.058,  0.323, 0.04, 0.00, 0.00, 0.09, 0.00, 0.51, 0.00, 0.23, 0.00, 0.00, 0.29, 0.59, 0.05, 0.00, 1.12, 0.93, 0.00, 0.00, 0.00, 0.00, 1.00, 0.00, 0.00, 0.00, 0.00, 0.00, 0.00, 0.00, 0.00, 0.00, 0.00, 1.00, 0.00, 0.00, 0.00
66,  0,  2.169,  0.98,  1,  0.034029,  -0.076115,  -0.996518,  -0.161251,  0.012199,  -0.986838,  -0.064,  -0.032,  554.4,  559.3,  570.9,  582.4,  587.1,  583.1,  570.6,  559.1,  542.6,  549.0,  558.5,  570.8,  583.3,  592.7,  598.8,  591.6,  580.6,  568.4,  557.7,  548.5,  565.9,  570.9,  575.9,  578.1,  576.0,  571.0,  566.0,  563.9,  711.4,  716.2,  728.9,  742.0,  747.9,  743.0,  730.4,  716.3,  703.0,  709.8,  719.8,  733.3,  745.8,  755.2,  761.6,  755.2,  746.6,  735.8,  723.2,  711.8,  723.1,  729.7,  736.1,  738.5,  735.5,  728.9,  722.6,  720.2,  345.8,  335.0,  330.3,  334.4,  345.0,  356.8,  360.5,  356.4,  353.5,  346.4,  341.8,  339.3,  341.1,  345.6,  352.1,  355.7,  356.6,  357.4,  357.6,  356.7,  351.2,  352.9,  350.9,  346.2,  341.6,  339.8,  341.9,  346.6,  347.7,  334.7,  329.1,  334.3,  347.2,  360.2,  365.7,  361.6,  353.3,  345.1,  340.4,  338.9,  341.4,  345.6,  352.4,  354.8,  356.0,  356.6,  356.2,  355.4,  354.6,  357.2,  354.4,  347.9,  341.4,  338.8,  341.6,  348.1,  -32.1,  -30.4,  -26.0,  -21.6,  -19.8,  -21.2,  -25.8,  -30.1,  -36.8,  -34.2,  -30.5,  -25.8,  -21.2,  -17.7,  -15.5,  -18.0,  -22.0,  -26.5,  -30.6,  -34.3,  -27.7,  -25.8,  -23.9,  -23.2,  -24.0,  -25.9,  -27.8,  -28.6,  24.8,  26.6,  31.1,  35.7,  37.7,  35.8,  31.3,  26.5,  21.9,  24.2,  27.7,  32.4,  36.9,  40.4,  43.0,  40.4,  37.0,  33.1,  28.7,  24.9,  29.0,  31.3,  33.5,  34.4,  33.4,  31.1,  28.9,  28.0,  -5.3,  -9.4,  -11.2,  -9.6,  -5.6,  -1.2,  0.2,  -1.3,  -2.4,  -5.1,  -6.8,  -7.7,  -7.1,  -5.4,  -3.0,  -1.6,  -1.3,  -1.0,  -0.9,  -1.2,  -3.3,  -2.6,  -3.4,  -5.2,  -6.9,  -7.6,  -6.8,  -5.0,  -4.3,  -8.8,  -10.8,  -9.0,  -4.5,  0.1,  2.0,  0.6,  -2.3,  -5.2,  -6.8,  -7.3,  -6.5,  -5.0,  -2.7,  -1.8,  -1.4,  -1.2,  -1.3,  -1.6,  -1.9,  -1.0,  -2.0,  -4.2,  -6.5,  -7.4,  -6.4,  -4.1,  327.8,  329.4,  329.7,  328.6,  326.7,  325.1,  324.7,  325.8,  330.7,  329.2,  327.4,  326.6,  326.9,  327.5,  328.1,  326.1,  324.4,  324.2,  325.7,  328.1,  327.4,  326.9,  327.0,  327.7,  328.6,  329.1,  328.9,  328.2,  303.9,  305.0,  306.0,  306.2,  305.5,  304.4,  303.4,  303.4,  304.2,  303.6,  303.3,  303.5,  304.8,  307.0,  309.0,  306.8,  304.2,  302.3,  302.1,  303.0,  304.8,  304.9,  305.4,  306.0,  306.3,  306.2,  305.7,  305.1,  3.8,  33.0,  340.8,  -0.203,  0.042,  0.017,  467.4,  468.9,  475.0,  484.5,  500.7,  526.2,  558.8,  598.2,  645.3,  692.7,  735.5,  772.6,  801.6,  818.8,  827.5,  834.7,  839.0,  502.1,  522.5,  551.2,  581.6,  610.8,  690.6,  723.6,  754.2,  782.8,  802.5,  650.7,  650.3,  649.7,  649.0,  613.8,  631.1,  648.8,  667.2,  684.1,  539.0,  558.8,  582.2,  601.1,  581.3,  558.4,  701.4,  720.5,  744.1,  763.2,  745.4,  722.7,  584.7,  606.7,  630.5,  648.0,  667.6,  693.5,  715.0,  693.8,  669.0,  647.7,  628.3,  605.7,  596.0,  629.7,  647.7,  667.5,  704.2,  667.5,  647.4,  629.0,  371.6,  420.2,  468.1,  512.8,  552.3,  586.3,  611.0,  630.0,  637.7,  636.9,  624.8,  601.7,  567.1,  521.7,  470.7,  418.0,  366.2,  327.0,  304.1,  294.6,  295.2,  299.8,  299.5,  293.0,  292.8,  302.1,  323.0,  339.1,  367.3,  395.1,  423.8,  450.0,  455.4,  460.0,  455.7,  451.3,  353.5,  341.2,  340.3,  352.2,  357.3,  358.3,  352.3,  339.5,  340.9,  352.4,  357.7,  357.0,  523.4,  499.7,  489.9,  494.2,  490.3,  502.6,  523.6,  540.7,  546.8,  547.8,  545.9,  538.6,  522.0,  509.2,  510.2,  509.3,  522.7,  521.4,  522.2,  520.5,  -79.0,  -77.9,  -74.9,  -70.0,  -61.6,  -49.0,  -33.5,  -16.5,  2.1,  20.9,  39.7,  57.0,  71.0,  79.1,  82.8,  85.9,  88.4,  -58.0,  -48.7,  -36.3,  -23.5,  -11.5,  20.0,  33.4,  46.0,  57.8,  66.3,  4.2,  3.9,  3.6,  3.3,  -10.0,  -3.4,  3.3,  10.3,  16.7,  -41.5,  -33.1,  -23.4,  -15.7,  -23.7,  -33.1,  24.6,  32.2,  41.7,  49.7,  42.1,  33.1,  -21.8,  -12.7,  -3.6,  3.0,  10.3,  20.3,  29.1,  20.3,  10.8,  2.9,  -4.4,  -13.1,  -17.2,  -3.9,  2.9,  10.3,  24.8,  10.3,  2.8,  -4.1,  5.3,  27.4,  49.0,  68.8,  85.0,  97.3,  103.6,  106.7,  108.3,  110.1,  110.1,  104.0,  91.0,  71.6,  48.9,  25.6,  2.8,  -13.9,  -23.2,  -26.7,  -26.1,  -23.8,  -23.9,  -26.8,  -27.1,  -23.5,  -15.1,  -8.2,  2.8,  13.1,  23.4,  34.3,  36.1,  37.5,  36.1,  34.6,  -2.7,  -7.7,  -8.0,  -3.2,  -1.1,  -0.7,  -3.1,  -8.2,  -7.6,  -3.1,  -0.9,  -1.2,  64.3,  53.1,  48.7,  50.0,  48.5,  54.1,  63.6,  68.2,  69.3,  69.6,  69.4,  67.9,  63.3,  56.2,  56.2,  55.8,  62.8,  60.3,  60.6,  60.3,  400.6,  398.1,  396.9,  393.8,  386.8,  376.4,  361.1,  345.7,  341.4,  347.8,  363.8,  376.4,  384.6,  387.3,  386.5,  386.1,  388.9,  368.1,  362.7,  357.8,  352.2,  346.0,  345.2,  349.3,  352.6,  354.5,  356.8,  341.6,  334.9,  327.7,  320.9,  333.6,  330.7,  328.5,  329.8,  331.4,  359.1,  356.5,  355.0,  353.3,  353.2,  354.9,  351.1,  350.3,  350.9,  352.8,  349.8,  349.5,  344.2,  332.9,  328.1,  326.0,  326.0,  331.7,  339.9,  330.1,  324.5,  324.4,  326.6,  332.8,  341.7,  329.3,  327.4,  327.1,  337.7,  326.6,  326.7,  329.0,  2.500,  -0.067,  0.047,  0.015,  650.172,  447.203,  -11.981,  -4.117,  -15.347,  -8.066,  -8.255,  -3.184,  1.583,  0.618,  5.696,  -6.365,  -6.831,  -4.929,  9.335,  -1.891,  1.160,  2.430,  5.755,  -0.787,  -0.985,  -4.440,  1.147,  1.575,  1.393,  -0.769,  0.137,  1.682,  -0.369,  -0.327,  -0.124,  -0.265,  0.603,  -0.801,  0.089,  0.391, 0.04, 0.00, 0.00, 0.09, 0.00, 0.36, 0.00, 0.18, 0.00, 0.00, 0.27, 0.58, 0.05, 0.00, 1.02, 0.77, 0.00, 0.00, 0.00, 0.00, 1.00, 0.00, 0.00, 0.00, 0.00, 0.00, 0.00, 0.00, 0.00, 0.00, 0.00, 0.00, 0.00, 0.00, 0.00
67,  0,  2.202,  0.98,  1,  0.034611,  -0.075301,  -0.996560,  -0.159147,  0.025961,  -0.986913,  -0.063,  -0.025,  554.2,  559.0,  570.5,  582.0,  586.7,  582.7,  570.4,  558.9,  542.2,  548.6,  558.2,  570.5,  583.0,  592.3,  598.3,  591.3,  580.3,  568.2,  557.4,  548.2,  565.6,  570.6,  575.6,  577.7,  575.6,  570.6,  565.6,  563.6,  711.5,  716.6,  729.2,  742.0,  747.4,  742.3,  729.7,  716.0,  702.8,  709.7,  719.6,  733.1,  745.6,  754.9,  761.3,  754.8,  746.2,  735.4,  722.9,  711.5,  722.8,  729.3,  735.7,  738.2,  735.4,  729.0,  722.6,  720.1,  345.5,  334.7,  330.0,  334.2,  344.8,  356.7,  360.4,  356.2,  353.2,  346.2,  341.7,  339.1,  340.8,  345.3,  351.6,  355.4,  356.3,  357.2,  357.4,  356.5,  350.9,  352.7,  350.6,  345.9,  341.3,  339.5,  341.5,  346.2,  347.3,  334.4,  329.2,  334.6,  347.5,  360.4,  365.6,  361.2,  352.6,  344.7,  340.0,  338.5,  341.0,  345.2,  352.0,  354.4,  355.7,  356.3,  355.8,  355.0,  354.3,  357.1,  354.4,  347.9,  341.4,  338.6,  341.3,  347.8,  -32.3,  -30.6,  -26.3,  -21.9,  -20.0,  -21.4,  -26.0,  -30.4,  -37.1,  -34.5,  -30.8,  -26.1,  -21.4,  -17.9,  -15.7,  -18.3,  -22.2,  -26.7,  -30.9,  -34.6,  -28.0,  -26.1,  -24.2,  -23.5,  -24.3,  -26.2,  -28.1,  -28.8,  25.0,  26.9,  31.4,  35.9,  37.8,  35.9,  31.4,  26.6,  22.0,  24.4,  27.8,  32.5,  37.1,  40.6,  43.2,  40.6,  37.2,  33.2,  28.8,  25.0,  29.1,  31.4,  33.6,  34.6,  33.6,  31.4,  29.1,  28.1,  -5.4,  -9.6,  -11.4,  -9.7,  -5.7,  -1.2,  0.1,  -1.4,  -2.6,  -5.2,  -6.9,  -7.8,  -7.2,  -5.5,  -3.2,  -1.7,  -1.4,  -1.1,  -1.0,  -1.3,  -3.4,  -2.7,  -3.5,  -5.3,  -7.1,  -7.8,  -7.0,  -5.2,  -4.4,  -9.0,  -10.9,  -9.0,  -4.4,  0.1,  2.0,  0.4,  -2.6,  -5.4,  -7.0,  -7.5,  -6.7,  -5.2,  -2.8,  -2.0,  -1.5,  -1.3,  -1.4,  -1.8,  -2.0,  -1.0,  -2.0,  -4.3,  -6.6,  -7.5,  -6.6,  -4.3,  329.2,  330.8,  331.2,  330.2,  328.3,  326.9,  326.4,  327.4,  332.1,  330.6,  328.9,  328.2,  328.5,  329.2,  330.0,  328.0,  326.2,  325.9,  327.3,  329.7,  329.0,  328.5,  328.7,  329.4,  330.2,  330.6,  330.4,  329.8,  306.1,  307.0,  307.9,  308.2,  307.7,  306.8,  306.0,  305.9,  306.6,  305.9,  305.5,  305.7,  307.1,  309.4,  311.6,  309.2,  306.6,  304.8,  304.5,  305.5,  307.1,  307.3,  307.7,  308.2,  308.5,  308.3,  307.9,  307.4,  3.7,  32.8,  341.3,  -0.201,  0.044,  0.016,  467.5,  469.0,  475.0,  484.3,  500.2,  525.5,  558.1,  597.4,  644.6,  692.3,  735.5,  773.0,  802.2,  819.4,  828.0,  835.0,  839.3,  501.8,  522.1,  550.8,  581.3,  610.5,  690.4,  723.5,  754.0,  782.4,  802.1,  650.4,  650.1,  649.5,  648.8,  613.8,  631.1,  648.6,  666.8,  683.4,  538.8,  558.5,  581.8,  600.7,  580.9,  558.1,  701.3,  720.3,  743.8,  762.8,  745.0,  722.5,  584.2,  606.4,  630.4,  647.8,  667.2,  693.2,  714.9,  693.5,  668.5,  647.4,  628.1,  605.2,  595.5,  629.6,  647.4,  667.1,  704.2,  667.1,  647.1,  628.9,  373.7,  421.4,  468.4,  512.4,  551.4,  585.2,  610.0,  629.6,  637.5,  636.3,  623.2,  599.4,  564.6,  519.5,  469.3,  417.7,  366.9,  326.8,  304.1,  294.5,  294.8,  299.2,  298.9,  292.5,  292.5,  301.8,  322.3,  338.8,  366.8,  394.5,  423.0,  449.5,  454.9,  459.5,  455.1,  450.8,  353.4,  341.0,  340.1,  351.9,  357.0,  358.0,  351.9,  339.2,  340.6,  352.0,  357.2,  356.6,  522.0,  498.8,  489.2,  493.4,  489.5,  501.5,  522.0,  539.8,  546.3,  547.3,  545.4,  537.8,  520.7,  508.6,  509.6,  508.6,  521.2,  520.7,  521.6,  519.9,  -79.1,  -77.9,  -75.0,  -70.2,  -61.9,  -49.3,  -33.9,  -16.9,  1.8,  20.8,  39.7,  57.2,  71.3,  79.4,  83.1,  86.2,  88.7,  -58.2,  -48.9,  -36.5,  -23.7,  -11.7,  19.9,  33.4,  46.0,  57.7,  66.1,  4.1,  3.9,  3.6,  3.2,  -10.0,  -3.4,  3.2,  10.1,  16.5,  -41.6,  -33.2,  -23.6,  -15.9,  -23.9,  -33.2,  24.6,  32.2,  41.7,  49.6,  42.0,  33.0,  -22.0,  -12.8,  -3.6,  2.9,  10.2,  20.2,  29.1,  20.2,  10.6,  2.8,  -4.5,  -13.3,  -17.4,  -3.9,  2.8,  10.2,  24.8,  10.1,  2.6,  -4.2,  6.3,  28.0,  49.3,  68.7,  84.7,  97.0,  103.4,  106.7,  108.5,  110.0,  109.5,  103.0,  89.9,  70.6,  48.3,  25.5,  3.1,  -14.0,  -23.2,  -26.8,  -26.3,  -24.1,  -24.1,  -27.0,  -27.2,  -23.6,  -15.4,  -8.3,  2.6,  12.9,  23.1,  34.2,  35.9,  37.4,  35.9,  34.4,  -2.7,  -7.7,  -8.1,  -3.3,  -1.2,  -0.8,  -3.3,  -8.3,  -7.8,  -3.2,  -1.1,  -1.4,  63.8,  52.9,  48.5,  49.8,  48.3,  53.7,  63.0,  68.0,  69.2,  69.6,  69.4,  67.8,  62.9,  56.0,  56.1,  55.7,  62.3,  60.1,  60.4,  60.2,  401.0,  398.6,  397.5,  394.4,  387.4,  377.0,  361.8,  346.4,  342.1,  348.4,  364.2,  376.5,  384.6,  387.2,  386.7,  386.6,  389.3,  368.8,  363.3,  358.3,  352.5,  346.3,  345.5,  349.6,  352.9,  354.7,  356.9,  341.8,  335.1,  327.9,  321.0,  333.9,  331.0,  328.9,  330.1,  331.6,  359.7,  356.9,  355.4,  353.8,  353.6,  355.4,  351.5,  350.7,  351.1,  353.1,  350.1,  349.9,  344.8,  333.6,  328.6,  326.5,  326.4,  332.1,  340.4,  330.8,  325.2,  325.1,  327.2,  333.5,  342.4,  329.9,  328.0,  327.7,  338.2,  327.2,  327.2,  329.5,  2.497,  -0.066,  0.050,  0.014,  649.942,  446.608,  -11.905,  -4.214,  -14.602,  -8.861,  -7.597,  -3.781,  1.187,  0.012,  5.717,  -5.355,  -6.269,  -4.820,  9.347,  -2.199,  1.820,  1.196,  5.459,  -0.678,  -0.812,  -4.400,  1.247,  1.328,  1.591,  -0.400,  -0.141,  1.473,  -0.257,  -0.252,  -0.085,  -0.240,  0.558,  -0.776,  0.161,  0.371, 0.00, 0.00, 0.00, 0.09, 0.00, 0.36, 0.00, 0.17, 0.00, 0.00, 0.27, 0.54, 0.00, 0.00, 1.04, 0.55, 0.00, 0.00, 0.00, 0.00, 1.00, 0.00, 0.00, 0.00, 0.00, 0.00, 0.00, 0.00, 0.00, 0.00, 0.00, 0.00, 0.00, 0.00, 0.00
68,  0,  2.236,  0.98,  1,  0.038421,  -0.068720,  -0.996896,  -0.157950,  0.012794,  -0.987364,  -0.060,  -0.028,  554.1,  558.9,  570.5,  582.0,  586.6,  582.6,  570.2,  558.7,  542.0,  548.4,  557.9,  570.3,  582.8,  592.1,  598.1,  591.0,  580.2,  568.1,  557.3,  548.1,  565.4,  570.5,  575.6,  577.7,  575.6,  570.6,  565.5,  563.3,  711.3,  716.1,  728.6,  741.5,  747.4,  742.6,  730.1,  716.2,  702.8,  709.4,  719.3,  732.5,  745.1,  754.5,  761.3,  754.7,  745.9,  735.2,  722.6,  711.4,  722.9,  729.5,  735.8,  738.2,  735.3,  728.7,  722.4,  720.0,  345.5,  334.5,  329.9,  334.2,  344.9,  356.9,  360.5,  356.2,  353.2,  346.1,  341.6,  339.0,  340.6,  345.1,  351.6,  355.2,  356.2,  357.1,  357.3,  356.4,  350.9,  352.8,  350.8,  346.0,  341.2,  339.3,  341.4,  346.2,  347.0,  334.2,  328.7,  333.7,  346.3,  359.0,  364.5,  360.6,  352.2,  344.3,  339.7,  338.2,  340.6,  344.8,  351.5,  354.1,  355.4,  355.9,  355.5,  354.7,  353.8,  356.3,  353.6,  347.1,  340.8,  338.3,  341.0,  347.5,  -32.3,  -30.6,  -26.3,  -21.9,  -20.0,  -21.4,  -26.0,  -30.4,  -37.2,  -34.6,  -30.8,  -26.1,  -21.5,  -18.0,  -15.8,  -18.4,  -22.3,  -26.8,  -30.9,  -34.6,  -28.0,  -26.1,  -24.2,  -23.4,  -24.3,  -26.2,  -28.1,  -28.9,  25.1,  26.8,  31.4,  35.9,  37.9,  36.1,  31.6,  26.7,  22.1,  24.4,  27.8,  32.5,  37.0,  40.6,  43.3,  40.6,  37.2,  33.2,  28.9,  25.0,  29.2,  31.5,  33.8,  34.7,  33.7,  31.4,  29.1,  28.2,  -5.5,  -9.6,  -11.4,  -9.7,  -5.6,  -1.2,  0.2,  -1.4,  -2.6,  -5.2,  -6.9,  -7.9,  -7.3,  -5.6,  -3.2,  -1.8,  -1.4,  -1.1,  -1.0,  -1.4,  -3.4,  -2.7,  -3.5,  -5.3,  -7.1,  -7.8,  -7.0,  -5.2,  -4.6,  -9.1,  -11.1,  -9.3,  -4.8,  -0.3,  1.6,  0.2,  -2.8,  -5.5,  -7.1,  -7.6,  -6.8,  -5.4,  -3.0,  -2.1,  -1.6,  -1.4,  -1.6,  -1.9,  -2.2,  -1.3,  -2.3,  -4.6,  -6.8,  -7.7,  -6.7,  -4.4,  329.1,  330.6,  331.0,  330.0,  328.3,  326.9,  326.4,  327.4,  332.0,  330.4,  328.8,  328.0,  328.4,  329.1,  329.9,  327.9,  326.2,  325.8,  327.2,  329.6,  328.9,  328.5,  328.6,  329.3,  330.1,  330.5,  330.3,  329.7,  307.6,  308.8,  309.7,  309.7,  308.8,  307.6,  306.7,  306.9,  308.1,  307.5,  307.1,  307.1,  308.2,  310.3,  312.2,  309.9,  307.4,  305.7,  305.6,  306.7,  308.3,  308.3,  308.7,  309.4,  309.8,  309.8,  309.4,  308.7,  3.5,  32.8,  342.0,  -0.202,  0.048,  0.017,  467.0,  468.8,  474.9,  484.2,  500.0,  525.4,  557.9,  596.9,  643.6,  691.2,  734.7,  772.6,  801.9,  819.2,  827.8,  834.9,  839.2,  501.2,  521.7,  550.5,  581.1,  610.5,  690.4,  723.4,  753.7,  782.1,  801.9,  650.5,  650.1,  649.5,  648.9,  614.2,  631.2,  648.3,  666.1,  682.4,  538.5,  558.4,  581.7,  600.4,  580.7,  557.9,  701.1,  720.0,  743.6,  762.6,  744.8,  722.2,  583.5,  605.3,  629.3,  646.6,  666.1,  691.9,  713.1,  691.7,  666.7,  645.6,  626.2,  603.6,  594.8,  628.3,  646.2,  665.9,  702.4,  665.5,  645.5,  627.3,  374.6,  422.2,  469.0,  512.7,  551.4,  584.9,  609.6,  629.1,  637.1,  635.7,  622.1,  598.0,  563.3,  518.5,  468.7,  417.4,  366.8,  326.7,  304.0,  294.3,  294.6,  299.0,  298.7,  292.0,  292.0,  301.0,  321.3,  338.5,  366.6,  394.3,  423.0,  449.4,  454.7,  459.2,  455.0,  450.9,  353.2,  340.9,  339.9,  351.6,  356.8,  357.8,  351.5,  338.9,  340.2,  351.6,  356.9,  356.3,  521.4,  498.1,  488.3,  492.6,  488.8,  501.0,  521.8,  540.4,  547.1,  548.1,  546.1,  537.9,  520.1,  508.4,  509.4,  508.6,  521.1,  520.5,  521.4,  519.6,  -79.4,  -78.2,  -75.2,  -70.4,  -62.1,  -49.4,  -34.0,  -17.1,  1.4,  20.4,  39.4,  57.0,  71.1,  79.3,  83.0,  86.1,  88.6,  -58.6,  -49.3,  -36.8,  -23.8,  -11.7,  20.0,  33.4,  45.9,  57.7,  66.1,  4.1,  3.9,  3.6,  3.3,  -9.9,  -3.4,  3.1,  9.9,  16.1,  -41.8,  -33.4,  -23.7,  -16.0,  -24.0,  -33.4,  24.6,  32.1,  41.6,  49.5,  42.0,  32.9,  -22.3,  -13.3,  -4.0,  2.5,  9.8,  19.7,  28.4,  19.6,  10.0,  2.1,  -5.2,  -13.9,  -17.7,  -4.4,  2.3,  9.7,  24.1,  9.6,  2.1,  -4.8,  6.7,  28.4,  49.6,  69.0,  84.9,  97.0,  103.2,  106.6,  108.5,  109.9,  109.2,  102.4,  89.3,  70.1,  48.0,  25.4,  3.0,  -14.1,  -23.3,  -27.0,  -26.4,  -24.2,  -24.3,  -27.2,  -27.5,  -23.9,  -15.8,  -8.4,  2.5,  12.9,  23.2,  34.2,  35.9,  37.4,  36.0,  34.5,  -2.8,  -7.8,  -8.2,  -3.4,  -1.3,  -0.9,  -3.4,  -8.5,  -7.9,  -3.4,  -1.2,  -1.5,  63.7,  52.8,  48.3,  49.6,  48.2,  53.6,  62.9,  68.3,  69.8,  70.1,  69.8,  68.0,  62.7,  56.1,  56.2,  55.8,  62.3,  60.2,  60.5,  60.3,  401.8,  399.5,  398.5,  395.4,  388.1,  377.4,  361.9,  346.6,  342.6,  348.8,  364.4,  376.4,  384.3,  387.0,  386.6,  386.5,  389.1,  369.6,  364.2,  359.3,  353.5,  347.2,  346.4,  350.3,  353.4,  355.1,  357.1,  342.6,  336.0,  329.0,  322.4,  334.9,  332.2,  330.2,  331.2,  332.4,  360.4,  357.7,  356.1,  354.5,  354.4,  356.2,  352.2,  351.3,  351.7,  353.6,  350.7,  350.6,  345.3,  334.5,  329.5,  327.3,  327.2,  332.5,  340.2,  331.3,  326.2,  326.2,  328.4,  334.4,  342.8,  330.9,  328.9,  328.6,  338.3,  328.1,  328.2,  330.5,  2.493,  -0.068,  0.056,  0.015,  649.343,  446.364,  -14.079,  -3.737,  -15.651,  -9.653,  -6.761,  -4.596,  1.434,  -0.609,  5.821,  -5.201,  -5.689,  -5.553,  9.946,  -1.353,  1.958,  0.883,  5.664,  -0.192,  -1.091,  -4.679,  0.801,  0.661,  2.147,  0.021,  -0.448,  1.423,  0.241,  -0.317,  -0.022,  -0.147,  0.457,  -0.603,  0.213,  0.379, 0.03, 0.00, 0.00, 0.00, 0.00, 0.26, 0.00, 0.14, 0.00, 0.00, 0.26, 0.45, 0.00, 0.00, 1.14, 0.53, 0.14, 0.00, 0.00, 0.00, 1.00, 0.00, 0.00, 0.00, 0.00, 0.00, 0.00, 0.00, 0.00, 0.00, 0.00, 0.00, 0.00, 0.00, 0.00
69,  0,  2.269,  0.98,  1,  0.053328,  -0.054394,  -0.997095,  -0.154778,  0.007325,  -0.987922,  -0.051,  -0.024,  553.9,  558.8,  570.4,  582.1,  586.9,  582.9,  570.4,  558.7,  541.4,  547.9,  557.4,  569.9,  582.6,  591.9,  598.0,  590.7,  579.7,  567.5,  556.8,  547.7,  565.2,  570.6,  576.0,  578.2,  576.0,  570.6,  565.2,  563.0,  711.3,  716.0,  728.5,  741.4,  747.1,  742.4,  729.9,  716.1,  702.9,  709.3,  719.0,  732.2,  744.8,  754.3,  761.0,  754.3,  745.5,  734.7,  722.2,  711.2,  722.8,  729.4,  735.8,  738.3,  735.3,  728.7,  722.3,  719.8,  345.8,  334.6,  329.8,  334.1,  345.1,  357.4,  361.2,  356.8,  353.2,  346.0,  341.5,  338.9,  340.5,  344.9,  351.4,  355.0,  356.1,  357.1,  357.2,  356.2,  351.6,  353.6,  351.3,  346.2,  341.1,  339.1,  341.3,  346.5,  346.7,  334.0,  328.4,  333.2,  345.7,  358.4,  364.0,  360.2,  351.8,  344.0,  339.4,  338.0,  340.4,  344.5,  351.3,  353.9,  355.2,  355.8,  355.3,  354.3,  353.4,  355.9,  353.1,  346.5,  340.2,  337.7,  340.5,  347.1,  -32.0,  -30.3,  -26.0,  -21.6,  -19.7,  -21.1,  -25.7,  -30.1,  -37.0,  -34.4,  -30.7,  -26.0,  -21.3,  -17.9,  -15.6,  -18.3,  -22.2,  -26.7,  -30.8,  -34.4,  -27.8,  -25.8,  -23.8,  -23.0,  -23.9,  -25.9,  -27.9,  -28.7,  25.3,  27.1,  31.6,  36.2,  38.1,  36.3,  31.8,  27.0,  22.4,  24.6,  28.0,  32.6,  37.2,  40.9,  43.5,  40.8,  37.4,  33.4,  29.0,  25.2,  29.4,  31.8,  34.1,  35.0,  34.0,  31.7,  29.4,  28.4,  -5.3,  -9.5,  -11.3,  -9.6,  -5.5,  -1.0,  0.4,  -1.2,  -2.6,  -5.2,  -6.9,  -7.8,  -7.2,  -5.6,  -3.2,  -1.8,  -1.4,  -1.1,  -1.0,  -1.4,  -3.1,  -2.4,  -3.2,  -5.1,  -7.0,  -7.8,  -7.0,  -5.0,  -4.7,  -9.3,  -11.3,  -9.5,  -5.1,  -0.6,  1.4,  0.1,  -2.9,  -5.7,  -7.3,  -7.8,  -7.0,  -5.5,  -3.1,  -2.2,  -1.7,  -1.5,  -1.7,  -2.0,  -2.3,  -1.4,  -2.5,  -4.8,  -7.1,  -8.0,  -7.0,  -4.6,  325.2,  326.6,  326.9,  326.0,  324.3,  323.1,  322.7,  323.6,  328.4,  326.7,  324.9,  324.1,  324.4,  325.1,  325.8,  323.9,  322.3,  322.0,  323.5,  325.9,  325.0,  324.6,  324.7,  325.4,  326.1,  326.6,  326.4,  325.8,  310.6,  311.7,  312.3,  312.2,  311.4,  310.3,  309.6,  309.9,  311.3,  310.5,  310.0,  309.9,  310.8,  312.7,  314.5,  312.4,  310.1,  308.5,  308.6,  309.9,  311.2,  311.1,  311.5,  312.1,  312.5,  312.6,  312.2,  311.6,  3.1,  32.8,  341.6,  -0.205,  0.048,  0.020,  466.7,  468.3,  474.4,  483.6,  499.2,  524.4,  556.5,  595.1,  641.6,  689.2,  733.0,  771.3,  801.0,  818.6,  827.3,  834.7,  839.2,  501.0,  521.5,  550.2,  580.8,  610.2,  690.9,  723.8,  753.9,  782.1,  801.5,  650.3,  650.0,  649.4,  648.7,  614.6,  631.1,  647.7,  665.0,  680.8,  538.1,  558.0,  581.4,  600.0,  580.3,  557.5,  700.9,  719.8,  743.4,  762.1,  744.5,  721.9,  583.5,  604.8,  628.3,  645.3,  664.3,  689.7,  710.0,  688.9,  664.2,  643.5,  624.4,  602.5,  594.8,  627.1,  644.7,  663.9,  699.4,  663.2,  643.7,  625.8,  375.3,  422.4,  468.7,  512.3,  551.1,  585.1,  610.7,  631.1,  639.5,  637.7,  623.0,  597.8,  562.9,  518.4,  469.0,  418.0,  367.5,  326.4,  303.8,  294.0,  294.2,  298.4,  298.0,  291.4,  291.4,  300.6,  320.7,  338.0,  365.9,  393.5,  422.0,  449.3,  454.5,  458.9,  455.1,  451.2,  353.2,  340.8,  339.7,  351.3,  356.8,  357.8,  351.0,  338.6,  339.9,  351.4,  356.9,  356.2,  522.0,  498.4,  488.5,  492.9,  489.1,  501.8,  522.9,  542.0,  548.7,  549.6,  547.4,  538.8,  520.6,  509.3,  510.4,  509.7,  522.2,  521.3,  522.1,  520.3,  -79.4,  -78.2,  -75.3,  -70.6,  -62.3,  -49.8,  -34.5,  -17.8,  0.6,  19.6,  38.6,  56.3,  70.4,  78.7,  82.6,  85.8,  88.4,  -58.6,  -49.3,  -36.8,  -23.9,  -11.8,  20.2,  33.5,  46.0,  57.6,  65.9,  4.0,  3.8,  3.5,  3.2,  -9.7,  -3.4,  2.9,  9.5,  15.5,  -41.9,  -33.5,  -23.8,  -16.2,  -24.2,  -33.5,  24.5,  32.0,  41.5,  49.3,  41.8,  32.8,  -22.2,  -13.4,  -4.4,  2.0,  9.1,  18.8,  27.1,  18.5,  9.0,  1.3,  -5.8,  -14.3,  -17.6,  -4.9,  1.8,  9.0,  22.9,  8.7,  1.4,  -5.4,  7.0,  28.4,  49.5,  68.7,  84.6,  96.9,  103.5,  107.2,  109.3,  110.6,  109.3,  101.9,  88.8,  69.8,  48.1,  25.6,  3.3,  -14.2,  -23.4,  -27.1,  -26.6,  -24.4,  -24.5,  -27.5,  -27.7,  -24.1,  -16.0,  -8.6,  2.3,  12.6,  22.8,  34.1,  35.8,  37.3,  36.0,  34.6,  -2.8,  -7.8,  -8.3,  -3.5,  -1.3,  -0.9,  -3.6,  -8.6,  -8.1,  -3.5,  -1.2,  -1.5,  63.7,  52.8,  48.3,  49.6,  48.2,  53.7,  63.1,  68.7,  70.3,  70.6,  70.3,  68.2,  62.7,  56.4,  56.5,  56.1,  62.5,  60.4,  60.7,  60.4,  400.9,  398.8,  398.0,  394.9,  387.3,  376.4,  361.1,  346.2,  342.3,  348.3,  363.5,  375.0,  382.9,  385.8,  385.7,  385.7,  388.2,  369.1,  363.9,  359.0,  353.3,  347.1,  346.4,  350.1,  353.2,  354.8,  356.7,  342.3,  335.7,  328.7,  322.1,  334.4,  331.9,  330.0,  330.9,  331.9,  360.1,  357.4,  355.8,  354.0,  354.0,  355.8,  352.0,  351.0,  351.3,  353.2,  350.4,  350.2,  344.0,  333.7,  328.9,  326.8,  326.6,  331.6,  338.7,  330.4,  326.0,  326.0,  328.2,  333.8,  341.5,  330.5,  328.6,  328.2,  336.9,  327.7,  327.8,  330.0,  2.497,  -0.071,  0.058,  0.019,  648.492,  446.611,  -15.911,  -3.529,  -17.279,  -8.221,  -6.530,  -6.103,  2.065,  -1.875,  6.399,  -5.204,  -5.331,  -5.400,  10.203,  -1.478,  2.592,  0.010,  5.351,  0.651,  -1.271,  -5.051,  0.197,  0.184,  2.886,  0.494,  -0.633,  1.222,  1.035,  -0.418,  -0.009,  -0.128,  0.318,  -0.421,  0.238,  0.395, 0.09, 0.00, 0.00, 0.00, 0.00, 0.33, 0.00, 0.13, 0.00, 0.00, 0.17, 0.25, 0.00, 0.00, 1.12, 0.55, 0.14, 0.00, 0.00, 0.00, 1.00, 0.00, 0.00, 0.00, 0.00, 0.00, 0.00, 0.00, 0.00, 0.00, 0.00, 0.00, 0.00, 0.00, 0.00
70,  0,  2.302,  0.98,  1,  0.041832,  -0.055339,  -0.997591,  -0.156852,  0.024109,  -0.987328,  -0.058,  -0.016,  553.0,  557.8,  569.3,  580.9,  585.7,  581.8,  569.4,  557.8,  540.8,  547.2,  556.7,  569.1,  581.7,  591.0,  597.0,  589.8,  578.9,  566.8,  556.1,  547.0,  564.4,  569.6,  574.7,  576.8,  574.7,  569.5,  564.4,  562.2,  710.4,  715.3,  727.8,  740.5,  746.1,  741.2,  728.7,  715.1,  702.0,  708.7,  718.4,  731.6,  744.0,  753.4,  760.0,  753.4,  744.6,  733.9,  721.5,  710.4,  721.8,  728.3,  734.7,  737.2,  734.3,  727.8,  721.4,  718.9,  345.1,  334.1,  329.2,  333.4,  344.2,  356.2,  360.1,  355.9,  352.7,  345.5,  340.9,  338.3,  339.9,  344.2,  350.6,  354.4,  355.5,  356.5,  356.7,  355.8,  350.6,  352.4,  350.3,  345.3,  340.5,  338.6,  340.8,  345.7,  346.3,  333.6,  328.2,  333.2,  345.7,  358.4,  363.8,  359.8,  351.3,  343.4,  338.8,  337.4,  339.8,  344.1,  350.8,  353.4,  354.7,  355.3,  354.8,  353.8,  353.1,  355.7,  352.9,  346.4,  340.0,  337.4,  340.1,  346.7,  -32.6,  -30.9,  -26.6,  -22.2,  -20.3,  -21.7,  -26.2,  -30.6,  -37.5,  -34.9,  -31.2,  -26.5,  -21.8,  -18.4,  -16.1,  -18.7,  -22.7,  -27.2,  -31.3,  -34.9,  -28.3,  -26.3,  -24.4,  -23.7,  -24.5,  -26.5,  -28.4,  -29.2,  25.0,  26.8,  31.4,  35.9,  37.8,  36.0,  31.5,  26.6,  22.1,  24.4,  27.8,  32.5,  37.0,  40.6,  43.3,  40.6,  37.2,  33.2,  28.8,  25.0,  29.1,  31.5,  33.8,  34.7,  33.7,  31.4,  29.1,  28.1,  -5.6,  -9.8,  -11.6,  -10.0,  -5.9,  -1.4,  0.0,  -1.5,  -2.8,  -5.4,  -7.1,  -8.1,  -7.5,  -5.9,  -3.5,  -2.1,  -1.7,  -1.3,  -1.2,  -1.6,  -3.5,  -2.8,  -3.6,  -5.5,  -7.3,  -8.0,  -7.2,  -5.4,  -4.9,  -9.4,  -11.4,  -9.6,  -5.1,  -0.6,  1.4,  -0.1,  -3.1,  -5.9,  -7.5,  -8.0,  -7.2,  -5.7,  -3.3,  -2.4,  -1.9,  -1.7,  -1.8,  -2.2,  -2.5,  -1.5,  -2.5,  -4.9,  -7.2,  -8.1,  -7.1,  -4.8,  327.8,  329.2,  329.6,  328.6,  326.8,  325.5,  325.0,  326.0,  330.8,  329.1,  327.4,  326.6,  326.9,  327.6,  328.3,  326.4,  324.7,  324.4,  325.9,  328.3,  327.5,  327.1,  327.2,  327.9,  328.6,  329.1,  328.9,  328.3,  310.9,  311.9,  312.6,  312.7,  312.0,  311.0,  310.3,  310.4,  311.5,  310.8,  310.4,  310.3,  311.4,  313.5,  315.4,  313.2,  310.8,  309.1,  309.1,  310.2,  311.7,  311.7,  312.1,  312.6,  313.0,  312.9,  312.6,  312.0,  2.9,  32.7,  339.5,  -0.209,  0.050,  0.020,  466.4,  467.5,  473.5,  483.1,  499.0,  524.7,  557.2,  596.0,  642.4,  689.7,  733.1,  771.1,  800.6,  818.1,  826.9,  834.2,  838.4,  501.1,  521.0,  549.7,  580.2,  609.7,  690.2,  723.0,  753.1,  781.2,  800.4,  649.3,  649.1,  648.4,  647.7,  614.9,  630.8,  646.8,  663.6,  679.0,  537.5,  557.1,  580.4,  599.2,  579.6,  556.9,  700.1,  719.0,  742.6,  761.3,  743.6,  721.0,  584.9,  605.2,  627.9,  644.3,  662.5,  687.3,  706.9,  686.5,  662.5,  642.7,  624.1,  603.2,  596.3,  626.7,  643.8,  662.1,  696.4,  661.4,  642.7,  625.4,  374.1,  421.3,  468.3,  512.4,  551.3,  585.6,  611.5,  632.5,  641.3,  639.6,  624.4,  598.8,  563.8,  519.3,  469.5,  417.6,  366.2,  325.4,  302.8,  293.0,  293.3,  297.6,  297.2,  290.2,  290.3,  299.5,  319.6,  336.9,  364.6,  392.2,  420.7,  449.8,  454.8,  459.1,  455.6,  451.9,  352.5,  340.3,  339.1,  350.3,  356.2,  357.4,  350.1,  338.0,  339.6,  350.9,  356.6,  355.8,  523.9,  500.8,  490.7,  495.3,  491.5,  504.4,  525.2,  544.3,  551.0,  551.7,  549.3,  540.5,  522.3,  512.6,  513.8,  513.2,  524.4,  521.8,  522.4,  520.4,  -79.1,  -78.3,  -75.5,  -70.7,  -62.2,  -49.4,  -33.9,  -17.3,  0.9,  19.7,  38.5,  56.0,  70.0,  78.2,  82.0,  85.0,  87.3,  -58.3,  -49.3,  -36.9,  -24.1,  -12.0,  19.8,  33.0,  45.5,  56.9,  65.0,  3.6,  3.5,  3.1,  2.8,  -9.5,  -3.5,  2.6,  8.9,  14.7,  -42.0,  -33.7,  -24.1,  -16.5,  -24.3,  -33.7,  24.1,  31.5,  41.0,  48.7,  41.3,  32.3,  -21.4,  -13.2,  -4.5,  1.6,  8.3,  17.8,  25.6,  17.4,  8.3,  1.0,  -5.9,  -13.9,  -16.9,  -5.0,  1.4,  8.2,  21.5,  8.0,  1.0,  -5.5,  6.4,  27.8,  49.1,  68.7,  84.4,  96.6,  103.0,  107.1,  109.6,  110.9,  109.4,  101.9,  88.8,  70.0,  48.1,  25.2,  2.7,  -14.5,  -23.7,  -27.4,  -26.8,  -24.7,  -24.8,  -27.8,  -28.0,  -24.4,  -16.4,  -9.0,  1.8,  12.0,  22.2,  34.1,  35.7,  37.2,  36.0,  34.7,  -3.1,  -8.0,  -8.5,  -3.9,  -1.5,  -1.0,  -4.0,  -8.8,  -8.2,  -3.7,  -1.3,  -1.7,  63.8,  53.2,  48.7,  50.1,  48.7,  54.2,  63.3,  69.0,  70.8,  71.0,  70.6,  68.3,  62.7,  57.2,  57.4,  57.1,  62.6,  60.2,  60.5,  60.1,  398.5,  397.0,  397.0,  394.2,  385.9,  374.4,  358.5,  344.0,  340.8,  347.2,  362.2,  373.6,  381.3,  384.2,  383.9,  383.2,  384.9,  367.3,  362.3,  357.6,  352.0,  346.0,  345.0,  348.5,  351.7,  352.9,  354.6,  340.7,  333.9,  326.7,  319.8,  332.3,  330.0,  328.4,  329.2,  330.1,  358.5,  355.8,  354.2,  352.5,  352.5,  354.4,  350.3,  349.2,  349.4,  351.3,  348.6,  348.6,  340.5,  330.6,  326.3,  324.3,  324.1,  328.5,  335.1,  327.7,  324.2,  324.2,  326.2,  331.1,  337.8,  328.2,  326.4,  326.0,  333.3,  325.6,  325.7,  327.7,  2.511,  -0.072,  0.061,  0.018,  647.826,  447.034,  -15.457,  -2.477,  -21.762,  -4.508,  -7.774,  -6.963,  3.326,  -1.356,  7.313,  -5.824,  -4.915,  -6.776,  11.215,  -2.720,  1.712,  0.075,  3.996,  1.202,  -1.064,  -5.860,  -0.176,  -0.646,  3.095,  1.445,  -0.885,  1.405,  0.771,  -0.520,  -0.126,  -0.081,  0.050,  -0.352,  0.307,  0.461, 0.21, 0.00, 0.00, 0.05, 0.00, 0.38, 0.00, 0.13, 0.00, 0.00, 0.08, 0.25, 0.00, 0.00, 0.90, 0.72, 0.15, 0.00, 0.00, 0.00, 1.00, 0.00, 0.00, 0.00, 0.00, 0.00, 0.00, 0.00, 0.00, 0.00, 0.00, 0.00, 0.00, 0.00, 0.00
71,  0,  2.336,  0.98,  1,  0.032420,  -0.059842,  -0.997681,  -0.161915,  0.031415,  -0.986304,  -0.065,  -0.014,  551.8,  556.3,  567.6,  579.1,  584.0,  580.4,  568.2,  556.7,  539.4,  545.8,  555.4,  568.0,  580.6,  589.8,  595.8,  588.9,  578.2,  566.1,  555.2,  545.8,  563.1,  568.2,  573.1,  575.1,  572.9,  567.9,  562.9,  561.0,  708.9,  713.9,  726.6,  739.5,  745.2,  740.2,  727.5,  713.6,  701.0,  707.7,  717.6,  730.8,  743.1,  752.4,  758.9,  752.4,  743.7,  733.0,  720.6,  709.5,  720.4,  727.1,  733.7,  736.2,  733.3,  726.5,  720.0,  717.4,  344.6,  333.5,  328.6,  332.8,  343.6,  355.6,  359.5,  355.3,  352.5,  345.3,  340.7,  337.9,  339.4,  343.7,  349.9,  353.9,  355.2,  356.4,  356.7,  355.8,  349.8,  351.6,  349.5,  344.6,  339.9,  338.1,  340.2,  345.1,  345.5,  332.7,  327.3,  332.5,  345.2,  358.0,  363.4,  359.3,  350.5,  342.6,  338.0,  336.8,  339.2,  343.4,  350.1,  352.7,  354.1,  354.6,  354.1,  353.1,  352.6,  355.3,  352.5,  345.9,  339.3,  336.6,  339.4,  346.0,  -33.2,  -31.6,  -27.4,  -23.0,  -21.0,  -22.3,  -26.8,  -31.2,  -38.2,  -35.6,  -31.8,  -27.0,  -22.3,  -18.9,  -16.7,  -19.2,  -23.1,  -27.6,  -31.8,  -35.5,  -28.9,  -27.0,  -25.2,  -24.5,  -25.3,  -27.3,  -29.1,  -29.8,  24.3,  26.1,  30.7,  35.3,  37.2,  35.3,  30.7,  25.9,  21.5,  23.8,  27.3,  31.9,  36.4,  39.9,  42.5,  39.9,  36.5,  32.6,  28.2,  24.4,  28.4,  30.7,  33.1,  34.1,  33.1,  30.7,  28.3,  27.4,  -5.8,  -10.0,  -11.9,  -10.3,  -6.2,  -1.6,  -0.2,  -1.7,  -2.8,  -5.5,  -7.3,  -8.3,  -7.7,  -6.1,  -3.8,  -2.3,  -1.8,  -1.3,  -1.2,  -1.6,  -3.8,  -3.2,  -4.0,  -5.8,  -7.6,  -8.3,  -7.5,  -5.6,  -5.1,  -9.7,  -11.6,  -9.8,  -5.2,  -0.7,  1.2,  -0.3,  -3.3,  -6.1,  -7.7,  -8.2,  -7.3,  -5.9,  -3.5,  -2.6,  -2.1,  -1.9,  -2.1,  -2.4,  -2.6,  -1.7,  -2.6,  -5.0,  -7.4,  -8.3,  -7.3,  -4.9,  329.2,  330.5,  330.9,  330.2,  328.7,  327.5,  327.0,  327.7,  332.3,  330.6,  328.9,  328.2,  328.7,  329.7,  330.7,  328.7,  326.8,  326.4,  327.7,  329.9,  329.2,  328.9,  329.1,  329.6,  330.3,  330.6,  330.4,  329.8,  308.1,  309.2,  310.1,  310.1,  309.3,  308.2,  307.4,  307.5,  308.5,  307.9,  307.6,  307.7,  308.8,  310.8,  312.7,  310.5,  308.0,  306.2,  306.1,  307.2,  308.8,  308.8,  309.3,  309.9,  310.3,  310.3,  309.9,  309.2,  3.0,  32.5,  338.5,  -0.204,  0.045,  0.013,  465.5,  466.7,  472.9,  482.9,  499.2,  525.1,  558.1,  597.7,  644.6,  692.0,  734.9,  772.3,  801.4,  818.3,  826.8,  833.7,  837.7,  500.2,  519.9,  548.6,  579.3,  608.7,  688.3,  721.5,  752.1,  780.2,  799.4,  647.8,  647.8,  647.4,  647.0,  615.0,  630.9,  646.8,  663.4,  678.7,  536.6,  555.8,  579.1,  598.0,  578.6,  555.9,  699.3,  718.1,  741.6,  760.3,  742.8,  720.2,  587.9,  608.1,  630.0,  645.8,  663.1,  687.3,  706.9,  687.4,  664.4,  645.5,  627.8,  607.1,  599.4,  629.2,  645.5,  663.0,  696.3,  662.6,  644.9,  628.4,  374.7,  421.3,  467.6,  511.4,  550.1,  584.4,  610.7,  632.6,  641.5,  639.7,  624.1,  598.4,  563.2,  518.5,  468.6,  416.7,  365.5,  324.8,  302.2,  292.4,  292.8,  297.2,  296.6,  289.6,  289.7,  299.2,  319.3,  336.6,  364.3,  391.8,  420.3,  450.0,  455.0,  459.1,  455.4,  451.5,  352.4,  340.0,  338.6,  349.7,  356.0,  357.5,  349.2,  337.2,  338.9,  350.1,  356.0,  355.1,  524.8,  502.3,  492.3,  496.7,  492.7,  505.0,  525.0,  543.1,  549.5,  550.3,  548.2,  540.3,  523.2,  513.9,  514.8,  514.0,  524.1,  520.7,  521.4,  519.5,  -79.3,  -78.5,  -75.7,  -70.7,  -62.0,  -49.1,  -33.5,  -16.6,  1.8,  20.6,  39.3,  56.6,  70.5,  78.4,  82.1,  84.9,  86.9,  -58.5,  -49.6,  -37.2,  -24.3,  -12.3,  19.0,  32.3,  44.9,  56.4,  64.5,  3.0,  3.0,  2.8,  2.5,  -9.4,  -3.4,  2.6,  8.8,  14.6,  -42.3,  -34.2,  -24.6,  -16.9,  -24.7,  -34.0,  23.7,  31.1,  40.5,  48.3,  40.9,  31.9,  -20.2,  -12.0,  -3.7,  2.1,  8.5,  17.7,  25.6,  17.7,  9.0,  2.0,  -4.5,  -12.4,  -15.6,  -4.0,  2.1,  8.6,  21.4,  8.4,  1.8,  -4.3,  6.7,  27.8,  48.8,  68.1,  83.7,  95.8,  102.5,  107.0,  109.6,  111.1,  109.5,  102.0,  88.8,  69.7,  47.7,  24.9,  2.4,  -14.7,  -23.8,  -27.5,  -26.9,  -24.7,  -24.9,  -28.0,  -28.2,  -24.5,  -16.5,  -9.1,  1.6,  11.8,  21.9,  34.0,  35.7,  37.1,  35.8,  34.5,  -3.1,  -8.1,  -8.6,  -4.1,  -1.6,  -1.0,  -4.3,  -9.1,  -8.4,  -4.0,  -1.6,  -2.0,  63.8,  53.5,  49.2,  50.5,  49.0,  54.3,  63.1,  68.4,  70.1,  70.4,  70.0,  67.9,  62.7,  57.5,  57.6,  57.3,  62.3,  59.7,  59.9,  59.5,  397.3,  396.3,  396.4,  393.7,  385.4,  373.7,  357.8,  343.5,  340.7,  347.6,  362.8,  374.3,  382.2,  385.0,  384.5,  383.3,  384.4,  366.5,  361.1,  356.2,  350.5,  344.6,  343.6,  347.2,  350.7,  352.1,  354.2,  339.7,  332.7,  325.3,  318.2,  330.9,  328.8,  327.3,  328.2,  329.4,  357.7,  355.1,  353.4,  351.9,  351.9,  353.8,  349.7,  348.6,  349.0,  351.1,  348.3,  348.1,  338.9,  329.0,  325.2,  323.5,  323.4,  327.8,  334.5,  327.1,  323.6,  323.5,  325.2,  329.5,  336.1,  327.2,  325.7,  325.4,  332.4,  324.8,  324.8,  326.5,  2.516,  -0.067,  0.054,  0.011,  648.087,  446.756,  -12.152,  -2.632,  -23.775,  -2.895,  -8.132,  -6.401,  3.917,  0.082,  8.430,  -6.222,  -5.104,  -7.670,  10.256,  -4.442,  2.120,  -0.922,  2.950,  0.583,  -0.281,  -5.469,  0.480,  -0.195,  2.640,  1.410,  -1.084,  1.512,  0.516,  -0.385,  -0.158,  -0.174,  0.208,  -0.456,  0.187,  0.391, 0.18, 0.00, 0.00, 0.05, 0.00, 0.47, 0.00, 0.13, 0.00, 0.00, 0.00, 0.34, 0.00, 0.00, 0.59, 0.89, 0.01, 0.00, 0.00, 0.00, 1.00, 0.00, 0.00, 0.00, 0.00, 0.00, 0.00, 0.00, 0.00, 0.00, 0.00, 0.00, 0.00, 0.00, 0.00
72,  0,  2.369,  0.98,  1,  0.032790,  -0.063504,  -0.997443,  -0.152507,  0.039801,  -0.987501,  -0.060,  -0.012,  551.1,  555.6,  566.9,  578.4,  583.3,  579.7,  567.5,  556.1,  538.9,  545.2,  554.9,  567.3,  579.8,  589.1,  595.1,  588.3,  577.6,  565.6,  554.7,  545.2,  562.6,  567.5,  572.2,  574.1,  572.1,  567.2,  562.5,  560.6,  708.2,  713.0,  725.5,  738.4,  744.2,  739.4,  726.9,  713.0,  699.8,  706.6,  716.5,  729.9,  742.3,  751.4,  757.8,  751.3,  742.9,  732.3,  719.8,  708.5,  719.6,  726.2,  732.6,  735.0,  732.1,  725.5,  719.1,  716.7,  344.0,  332.9,  328.0,  332.2,  343.0,  355.0,  358.9,  354.8,  351.9,  344.8,  340.2,  337.5,  339.0,  343.4,  349.7,  353.5,  354.7,  355.8,  356.1,  355.2,  349.0,  350.7,  348.7,  344.0,  339.5,  337.7,  339.8,  344.5,  345.3,  332.3,  326.8,  332.0,  344.8,  357.8,  363.3,  359.2,  350.3,  342.2,  337.6,  336.2,  338.7,  342.8,  349.5,  352.0,  353.3,  353.9,  353.5,  352.6,  352.2,  354.9,  352.1,  345.4,  338.9,  336.3,  339.1,  345.7,  -33.6,  -32.0,  -27.8,  -23.4,  -21.4,  -22.7,  -27.2,  -31.6,  -38.6,  -36.0,  -32.1,  -27.4,  -22.7,  -19.3,  -17.0,  -19.5,  -23.4,  -27.9,  -32.1,  -35.9,  -29.2,  -27.4,  -25.6,  -24.9,  -25.8,  -27.6,  -29.4,  -30.1,  23.9,  25.7,  30.2,  34.8,  36.7,  34.9,  30.4,  25.5,  21.0,  23.3,  26.8,  31.5,  36.0,  39.5,  42.0,  39.4,  36.1,  32.2,  27.8,  24.0,  28.0,  30.3,  32.6,  33.5,  32.5,  30.2,  27.9,  27.0,  -6.0,  -10.3,  -12.1,  -10.5,  -6.4,  -1.9,  -0.4,  -2.0,  -3.1,  -5.8,  -7.5,  -8.5,  -7.9,  -6.3,  -3.9,  -2.5,  -2.0,  -1.6,  -1.5,  -1.8,  -4.2,  -3.5,  -4.3,  -6.0,  -7.8,  -8.4,  -7.7,  -5.9,  -5.1,  -9.7,  -11.7,  -9.9,  -5.4,  -0.8,  1.2,  -0.3,  -3.4,  -6.2,  -7.8,  -8.3,  -7.5,  -6.1,  -3.7,  -2.8,  -2.3,  -2.1,  -2.3,  -2.6,  -2.7,  -1.8,  -2.8,  -5.1,  -7.5,  -8.4,  -7.4,  -5.0,  330.7,  332.0,  332.4,  331.6,  330.2,  329.0,  328.5,  329.3,  333.8,  332.1,  330.4,  329.7,  330.2,  331.2,  332.2,  330.3,  328.4,  328.0,  329.2,  331.5,  330.7,  330.4,  330.6,  331.1,  331.7,  332.1,  331.9,  331.4,  306.7,  307.7,  308.6,  309.0,  308.5,  307.4,  306.5,  306.3,  307.0,  306.4,  306.1,  306.4,  307.7,  310.1,  312.1,  309.8,  307.2,  305.2,  305.0,  305.9,  307.7,  307.8,  308.3,  308.9,  309.2,  309.0,  308.5,  308.0,  2.9,  32.2,  337.1,  -0.205,  0.039,  0.008,  464.9,  466.0,  472.2,  482.4,  499.1,  525.2,  558.6,  598.2,  645.0,  692.2,  734.8,  772.1,  800.9,  817.8,  826.3,  833.1,  837.0,  499.2,  518.6,  547.4,  578.3,  607.9,  686.8,  720.0,  750.7,  779.0,  798.3,  646.8,  646.8,  646.5,  646.1,  614.3,  630.3,  646.4,  663.2,  678.7,  536.0,  555.1,  578.4,  597.5,  578.1,  555.3,  698.2,  717.2,  740.6,  759.4,  741.8,  719.2,  589.2,  609.3,  630.9,  646.5,  663.7,  687.5,  706.9,  688.0,  665.9,  647.1,  629.6,  609.0,  600.7,  630.3,  646.4,  663.9,  696.4,  663.8,  646.2,  629.9,  372.7,  420.3,  467.7,  512.3,  551.5,  585.7,  611.5,  632.7,  641.3,  639.6,  624.4,  598.9,  563.6,  518.5,  468.1,  415.9,  364.3,  324.9,  301.8,  291.8,  292.2,  296.7,  296.0,  289.1,  289.1,  298.5,  318.9,  336.1,  363.6,  390.7,  418.9,  449.6,  454.4,  458.4,  454.6,  450.6,  351.9,  339.6,  338.1,  349.3,  355.5,  357.1,  348.8,  336.7,  338.4,  349.5,  355.3,  354.5,  525.2,  502.9,  492.8,  497.2,  493.1,  505.1,  524.4,  541.5,  547.9,  548.9,  547.1,  539.7,  523.4,  514.0,  514.8,  513.9,  523.5,  519.6,  520.5,  518.7,  -79.3,  -78.6,  -75.8,  -70.7,  -61.9,  -48.9,  -33.2,  -16.4,  2.0,  20.7,  39.2,  56.5,  70.3,  78.2,  81.9,  84.6,  86.6,  -58.8,  -50.0,  -37.5,  -24.6,  -12.6,  18.3,  31.6,  44.3,  55.8,  64.0,  2.6,  2.6,  2.4,  2.2,  -9.7,  -3.6,  2.4,  8.6,  14.5,  -42.4,  -34.3,  -24.8,  -17.0,  -24.8,  -34.1,  23.2,  30.7,  40.0,  47.8,  40.4,  31.4,  -19.5,  -11.5,  -3.4,  2.4,  8.7,  17.7,  25.5,  17.9,  9.5,  2.6,  -3.8,  -11.6,  -15.0,  -3.6,  2.4,  8.8,  21.3,  8.8,  2.3,  -3.8,  5.7,  27.2,  48.6,  68.3,  84.1,  96.2,  102.6,  106.8,  109.2,  110.9,  109.4,  102.1,  88.9,  69.7,  47.5,  24.5,  1.9,  -14.6,  -23.9,  -27.6,  -27.0,  -24.8,  -25.1,  -28.0,  -28.4,  -24.7,  -16.6,  -9.2,  1.4,  11.4,  21.3,  33.7,  35.3,  36.6,  35.3,  34.0,  -3.3,  -8.3,  -8.8,  -4.3,  -1.8,  -1.2,  -4.5,  -9.3,  -8.6,  -4.2,  -1.9,  -2.2,  63.6,  53.4,  49.1,  50.5,  49.0,  54.1,  62.6,  67.5,  69.2,  69.5,  69.2,  67.3,  62.4,  57.3,  57.3,  57.0,  61.8,  59.0,  59.3,  58.9,  396.0,  395.0,  395.0,  392.5,  384.3,  372.7,  356.8,  342.7,  339.8,  346.9,  362.2,  374.0,  382.1,  385.1,  384.6,  383.4,  384.8,  365.6,  359.9,  354.9,  349.2,  343.3,  342.4,  346.2,  349.9,  351.5,  353.9,  338.7,  331.4,  323.7,  316.3,  329.3,  327.1,  325.5,  326.6,  328.0,  356.5,  353.7,  352.0,  350.6,  350.6,  352.4,  348.7,  347.7,  348.1,  350.4,  347.4,  347.1,  336.9,  327.0,  323.5,  321.9,  321.9,  326.4,  333.3,  325.7,  322.2,  322.0,  323.5,  327.6,  334.2,  325.4,  324.0,  323.9,  331.0,  323.4,  323.3,  324.9,  2.525,  -0.068,  0.046,  0.006,  647.931,  446.383,  -8.855,  -2.682,  -24.137,  -0.816,  -8.898,  -5.857,  4.768,  0.207,  8.307,  -6.798,  -5.452,  -6.983,  10.272,  -4.764,  1.989,  -0.921,  2.073,  -0.348,  -0.456,  -5.419,  1.395,  -0.141,  1.719,  1.252,  -0.540,  1.461,  0.008,  -0.304,  -0.339,  -0.181,  0.194,  -0.604,  0.189,  0.365, 0.23, 0.00, 0.00, 0.05, 0.00, 0.33, 0.00, 0.11, 0.00, 0.00, 0.00, 0.52, 0.00, 0.00, 0.48, 1.06, 0.01, 0.00, 0.00, 0.00, 1.00, 0.00, 0.00, 0.00, 0.00, 0.00, 0.00, 0.00, 0.00, 0.00, 1.00, 0.00, 0.00, 0.00, 0.00
73,  0,  2.402,  0.98,  1,  0.037765,  -0.059460,  -0.997516,  -0.156708,  0.040748,  -0.986804,  -0.060,  -0.009,  550.4,  555.0,  566.4,  577.8,  582.7,  579.0,  566.8,  555.3,  538.3,  544.6,  554.2,  566.4,  578.9,  588.3,  594.4,  587.5,  576.7,  564.6,  553.8,  544.5,  561.9,  566.9,  571.8,  573.7,  571.6,  566.7,  561.8,  559.8,  707.5,  712.5,  725.1,  737.8,  743.3,  738.3,  725.7,  712.0,  699.1,  705.9,  715.8,  729.2,  741.6,  750.7,  756.9,  750.5,  742.2,  731.7,  719.3,  707.9,  718.6,  725.2,  731.7,  734.3,  731.4,  724.8,  718.4,  715.8,  343.9,  332.9,  328.0,  332.1,  342.7,  354.6,  358.5,  354.5,  351.7,  344.5,  339.8,  337.1,  338.6,  343.0,  349.4,  353.2,  354.3,  355.3,  355.7,  354.8,  349.0,  350.7,  348.6,  343.9,  339.3,  337.6,  339.7,  344.4,  344.6,  331.7,  326.3,  331.7,  344.7,  357.6,  362.9,  358.5,  349.8,  341.8,  337.2,  335.8,  338.2,  342.4,  349.0,  351.4,  352.9,  353.5,  353.1,  352.1,  351.7,  354.5,  351.7,  345.1,  338.4,  335.6,  338.4,  345.0,  -33.8,  -32.2,  -27.9,  -23.5,  -21.5,  -22.8,  -27.4,  -31.8,  -38.7,  -36.1,  -32.3,  -27.6,  -23.0,  -19.5,  -17.2,  -19.7,  -23.7,  -28.1,  -32.3,  -36.0,  -29.4,  -27.5,  -25.7,  -25.0,  -25.9,  -27.8,  -29.6,  -30.3,  23.7,  25.5,  30.0,  34.6,  36.5,  34.6,  30.1,  25.2,  20.8,  23.1,  26.5,  31.3,  35.8,  39.3,  41.8,  39.2,  36.0,  32.1,  27.7,  23.8,  27.7,  30.0,  32.4,  33.3,  32.3,  30.0,  27.7,  26.7,  -6.1,  -10.3,  -12.1,  -10.6,  -6.5,  -2.0,  -0.6,  -2.1,  -3.2,  -5.9,  -7.6,  -8.6,  -8.1,  -6.4,  -4.0,  -2.6,  -2.1,  -1.7,  -1.6,  -1.9,  -4.2,  -3.5,  -4.3,  -6.1,  -7.8,  -8.5,  -7.7,  -5.9,  -5.4,  -10.0,  -11.9,  -10.0,  -5.4,  -0.9,  1.0,  -0.5,  -3.6,  -6.4,  -8.0,  -8.5,  -7.7,  -6.3,  -3.9,  -3.0,  -2.5,  -2.3,  -2.4,  -2.8,  -2.9,  -2.0,  -2.9,  -5.3,  -7.6,  -8.6,  -7.6,  -5.3,  329.8,  331.3,  331.7,  330.8,  329.1,  327.7,  327.2,  328.1,  332.9,  331.2,  329.5,  328.8,  329.1,  329.9,  330.7,  328.7,  327.0,  326.6,  328.0,  330.3,  329.6,  329.2,  329.4,  330.0,  330.8,  331.2,  331.0,  330.4,  307.1,  308.0,  308.9,  309.3,  309.0,  308.1,  307.1,  306.9,  307.4,  306.8,  306.5,  306.8,  308.2,  310.6,  312.8,  310.4,  307.8,  305.9,  305.5,  306.4,  308.2,  308.4,  308.9,  309.4,  309.6,  309.4,  308.9,  308.4,  2.6,  32.2,  337.1,  -0.206,  0.040,  0.008,  464.4,  465.4,  471.5,  481.9,  498.9,  525.2,  558.4,  597.5,  643.8,  690.7,  733.2,  770.8,  800.1,  817.3,  825.9,  832.5,  836.2,  498.7,  517.8,  546.7,  577.6,  607.1,  686.6,  719.7,  750.5,  778.7,  797.6,  646.2,  646.2,  646.0,  645.6,  613.9,  629.8,  645.8,  662.5,  678.0,  535.3,  554.4,  577.7,  596.7,  577.3,  554.6,  697.7,  716.5,  739.9,  758.6,  741.1,  718.6,  588.7,  608.8,  630.5,  646.0,  662.9,  686.9,  706.3,  687.4,  665.0,  646.5,  629.1,  608.3,  600.3,  629.9,  645.9,  663.1,  695.7,  663.0,  645.6,  629.4,  373.1,  420.8,  468.5,  513.1,  552.4,  586.5,  612.3,  633.8,  642.7,  640.9,  625.3,  599.5,  564.0,  518.6,  467.9,  415.4,  363.6,  324.6,  301.3,  291.3,  291.9,  296.6,  295.7,  288.6,  288.5,  298.0,  318.6,  335.9,  363.3,  390.3,  418.5,  449.0,  453.9,  457.9,  454.1,  450.1,  351.6,  339.3,  337.8,  348.9,  355.1,  356.7,  348.3,  336.3,  338.0,  349.0,  354.8,  354.0,  524.8,  502.3,  492.0,  496.4,  492.3,  504.5,  524.1,  542.3,  548.9,  549.9,  548.0,  540.2,  523.1,  513.5,  514.3,  513.5,  523.3,  520.3,  521.2,  519.3,  -79.3,  -78.7,  -76.0,  -70.9,  -61.9,  -48.8,  -33.3,  -16.6,  1.5,  20.1,  38.5,  55.8,  69.8,  77.9,  81.6,  84.2,  86.0,  -59.0,  -50.3,  -37.9,  -24.9,  -12.9,  18.3,  31.6,  44.2,  55.7,  63.7,  2.4,  2.4,  2.2,  2.0,  -9.8,  -3.8,  2.2,  8.4,  14.2,  -42.7,  -34.6,  -25.1,  -17.4,  -25.1,  -34.4,  23.0,  30.4,  39.8,  47.5,  40.1,  31.2,  -19.7,  -11.7,  -3.5,  2.2,  8.4,  17.5,  25.3,  17.6,  9.2,  2.4,  -4.0,  -11.9,  -15.2,  -3.7,  2.2,  8.5,  21.1,  8.5,  2.1,  -3.9,  5.9,  27.4,  48.9,  68.6,  84.4,  96.4,  102.8,  107.2,  109.8,  111.3,  109.6,  102.2,  89.0,  69.7,  47.4,  24.2,  1.6,  -14.8,  -24.1,  -27.9,  -27.2,  -24.9,  -25.2,  -28.3,  -28.6,  -24.9,  -16.7,  -9.3,  1.2,  11.2,  21.1,  33.5,  35.1,  36.4,  35.1,  33.8,  -3.4,  -8.4,  -8.9,  -4.4,  -2.0,  -1.3,  -4.6,  -9.4,  -8.8,  -4.4,  -2.1,  -2.4,  63.5,  53.2,  48.8,  50.2,  48.7,  53.9,  62.5,  67.9,  69.6,  69.9,  69.5,  67.5,  62.3,  57.1,  57.2,  56.8,  61.8,  59.3,  59.6,  59.2,  395.3,  394.4,  394.6,  392.2,  383.9,  372.3,  356.6,  342.7,  339.8,  346.7,  361.7,  373.5,  381.5,  384.4,  384.0,  382.7,  383.8,  365.4,  360.0,  355.1,  349.5,  343.8,  342.7,  346.3,  350.0,  351.5,  353.7,  338.8,  331.5,  323.8,  316.4,  329.2,  327.0,  325.5,  326.6,  328.0,  356.4,  353.7,  352.0,  350.6,  350.6,  352.5,  348.6,  347.6,  348.0,  350.2,  347.3,  347.0,  337.0,  327.2,  323.5,  321.9,  321.8,  326.5,  333.4,  325.9,  322.3,  322.1,  323.6,  327.7,  334.3,  325.4,  324.0,  323.9,  331.2,  323.5,  323.4,  325.0,  2.525,  -0.069,  0.047,  0.006,  647.300,  446.330,  -11.391,  -2.745,  -23.320,  -0.510,  -8.912,  -6.206,  4.909,  0.022,  8.374,  -7.585,  -5.229,  -6.936,  10.579,  -5.318,  2.269,  -1.092,  1.911,  -0.852,  -0.237,  -5.047,  1.132,  -0.454,  2.155,  1.496,  -0.397,  1.372,  0.084,  -0.187,  -0.254,  -0.196,  0.173,  -0.626,  0.195,  0.382, 0.21, 0.00, 0.00, 0.00, 0.00, 0.17, 0.00, 0.03, 0.00, 0.00, 0.00, 0.38, 0.00, 0.00, 0.56, 1.05, 0.00, 0.00, 0.00, 0.00, 1.00, 0.00, 0.00, 0.00, 0.00, 0.00, 0.00, 0.00, 0.00, 0.00, 1.00, 0.00, 0.00, 0.00, 0.00
74,  0,  2.436,  0.98,  1,  0.037052,  -0.044978,  -0.998301,  -0.151159,  0.033309,  -0.987948,  -0.057,  -0.006,  549.6,  554.3,  566.0,  577.8,  582.8,  579.0,  566.5,  554.7,  537.7,  544.2,  553.8,  566.0,  578.4,  588.0,  594.5,  587.2,  576.4,  564.4,  553.5,  544.1,  561.1,  566.6,  572.0,  574.1,  571.8,  566.3,  560.9,  558.7,  706.8,  711.7,  724.4,  737.4,  743.0,  738.1,  725.4,  711.5,  698.4,  705.2,  715.2,  728.5,  740.9,  750.0,  756.3,  750.0,  741.6,  731.0,  718.5,  707.2,  718.1,  724.9,  731.4,  734.0,  731.0,  724.2,  717.7,  715.1,  344.3,  333.2,  328.1,  332.1,  342.7,  354.9,  358.9,  355.0,  351.7,  344.5,  339.5,  336.9,  338.4,  342.9,  349.5,  353.0,  354.0,  354.9,  355.2,  354.6,  349.8,  351.6,  349.3,  344.1,  339.2,  337.3,  339.7,  344.8,  344.3,  331.3,  325.9,  331.2,  344.1,  357.1,  362.5,  358.3,  349.7,  341.7,  337.2,  335.8,  338.2,  342.3,  348.8,  351.3,  352.7,  353.4,  353.0,  352.0,  351.5,  354.2,  351.4,  344.7,  338.0,  335.2,  338.0,  344.8,  -33.6,  -32.0,  -27.7,  -23.2,  -21.2,  -22.5,  -27.1,  -31.5,  -38.4,  -35.7,  -32.0,  -27.4,  -22.8,  -19.3,  -17.0,  -19.5,  -23.4,  -27.8,  -32.0,  -35.7,  -29.3,  -27.2,  -25.2,  -24.5,  -25.4,  -27.5,  -29.5,  -30.2,  23.3,  25.2,  29.7,  34.3,  36.2,  34.4,  29.9,  25.0,  20.4,  22.8,  26.2,  30.9,  35.4,  38.9,  41.4,  38.8,  35.6,  31.7,  27.3,  23.4,  27.4,  29.8,  32.1,  33.1,  32.1,  29.7,  27.3,  26.4,  -5.8,  -10.0,  -11.9,  -10.4,  -6.4,  -1.9,  -0.4,  -1.9,  -3.1,  -5.8,  -7.6,  -8.6,  -8.0,  -6.4,  -3.9,  -2.6,  -2.2,  -1.9,  -1.8,  -2.0,  -3.8,  -3.1,  -4.0,  -5.9,  -7.8,  -8.5,  -7.6,  -5.6,  -5.5,  -10.1,  -12.0,  -10.2,  -5.6,  -1.0,  0.9,  -0.6,  -3.6,  -6.4,  -8.0,  -8.4,  -7.7,  -6.3,  -4.0,  -3.1,  -2.5,  -2.3,  -2.5,  -2.8,  -3.0,  -2.0,  -3.0,  -5.4,  -7.8,  -8.7,  -7.7,  -5.3,  325.2,  326.8,  327.2,  326.1,  324.3,  322.8,  322.3,  323.3,  328.1,  326.6,  324.9,  324.2,  324.4,  325.0,  325.7,  323.7,  322.1,  321.7,  323.1,  325.5,  324.8,  324.3,  324.5,  325.3,  326.2,  326.6,  326.4,  325.7,  305.9,  306.9,  307.9,  308.2,  307.7,  306.7,  305.7,  305.5,  306.2,  305.7,  305.4,  305.7,  307.0,  309.3,  311.4,  309.1,  306.5,  304.6,  304.3,  305.2,  306.9,  307.1,  307.6,  308.2,  308.4,  308.3,  307.7,  307.2,  2.3,  32.2,  337.0,  -0.203,  0.043,  0.009,  463.8,  464.7,  470.9,  481.3,  498.4,  524.8,  558.1,  597.4,  643.5,  689.9,  732.1,  769.5,  799.0,  816.5,  825.3,  832.1,  835.7,  498.2,  517.2,  545.9,  576.8,  606.2,  685.8,  718.8,  749.6,  778.0,  797.2,  645.5,  645.5,  645.2,  644.7,  612.6,  628.6,  644.9,  661.7,  677.4,  534.7,  554.0,  577.4,  596.5,  577.0,  554.2,  696.7,  715.7,  739.3,  758.2,  740.5,  717.8,  586.5,  606.3,  628.7,  644.5,  661.8,  686.5,  706.1,  686.9,  663.9,  644.9,  627.0,  605.7,  598.1,  628.1,  644.4,  661.9,  695.4,  661.8,  644.0,  627.5,  372.7,  420.7,  468.6,  513.5,  553.0,  587.5,  613.6,  635.0,  643.8,  641.9,  626.2,  600.4,  565.0,  519.5,  468.3,  415.0,  362.6,  324.7,  301.2,  291.1,  291.7,  296.5,  295.7,  288.4,  288.2,  297.9,  318.6,  335.7,  363.1,  390.2,  418.5,  448.4,  453.3,  457.4,  453.5,  449.7,  351.3,  339.1,  337.7,  348.9,  354.9,  356.4,  348.3,  336.2,  337.9,  348.8,  354.6,  353.9,  524.6,  500.6,  489.8,  494.2,  490.1,  503.0,  524.1,  544.5,  552.0,  553.0,  551.0,  542.2,  522.9,  512.0,  512.8,  512.1,  523.3,  522.3,  523.1,  521.2,  -79.5,  -79.0,  -76.2,  -71.1,  -62.1,  -49.0,  -33.4,  -16.7,  1.4,  19.8,  38.0,  55.2,  69.2,  77.4,  81.0,  83.7,  85.6,  -59.1,  -50.5,  -38.1,  -25.2,  -13.3,  17.9,  31.2,  43.7,  55.3,  63.3,  2.1,  2.1,  1.9,  1.7,  -10.3,  -4.2,  1.8,  8.1,  14.0,  -42.9,  -34.7,  -25.2,  -17.4,  -25.2,  -34.6,  22.5,  30.0,  39.4,  47.1,  39.8,  30.8,  -20.7,  -12.6,  -4.2,  1.7,  8.0,  17.3,  25.2,  17.5,  8.8,  1.8,  -4.8,  -12.9,  -16.0,  -4.4,  1.6,  8.1,  21.0,  8.1,  1.5,  -4.7,  5.8,  27.3,  48.9,  68.7,  84.6,  96.8,  103.3,  107.7,  110.2,  111.6,  109.9,  102.4,  89.2,  69.9,  47.4,  24.0,  1.2,  -14.7,  -24.2,  -27.9,  -27.3,  -24.9,  -25.1,  -28.3,  -28.7,  -24.9,  -16.7,  -9.4,  1.2,  11.2,  21.2,  33.2,  34.9,  36.2,  34.9,  33.6,  -3.5,  -8.4,  -8.9,  -4.4,  -2.0,  -1.5,  -4.7,  -9.4,  -8.8,  -4.5,  -2.1,  -2.4,  63.5,  52.6,  47.9,  49.3,  47.8,  53.3,  62.4,  68.7,  70.7,  71.0,  70.6,  68.3,  62.3,  56.5,  56.5,  56.2,  61.8,  60.0,  60.3,  59.9,  394.9,  394.0,  394.2,  391.8,  383.7,  372.2,  356.5,  342.6,  339.8,  346.6,  361.3,  372.9,  380.7,  383.4,  382.8,  381.4,  382.5,  364.9,  359.6,  354.8,  349.4,  343.6,  342.3,  345.8,  349.2,  350.6,  352.5,  338.4,  331.3,  323.8,  316.6,  329.1,  326.9,  325.4,  326.5,  327.9,  356.1,  353.4,  351.7,  350.1,  350.3,  352.2,  347.8,  346.7,  347.1,  349.1,  346.4,  346.2,  337.6,  327.2,  323.1,  321.4,  321.2,  325.9,  333.0,  325.6,  322.1,  322.0,  323.7,  328.1,  334.9,  325.3,  323.7,  323.4,  331.0,  323.3,  323.3,  325.1,  2.528,  -0.067,  0.053,  0.007,  646.393,  446.436,  -13.801,  -2.931,  -20.749,  -0.658,  -9.425,  -7.789,  5.653,  0.274,  7.490,  -8.504,  -5.053,  -7.633,  11.363,  -4.757,  1.812,  -0.393,  2.927,  -0.509,  -0.088,  -5.008,  0.843,  -0.988,  2.204,  1.318,  -0.714,  1.446,  0.135,  -0.218,  -0.268,  -0.256,  0.193,  -0.563,  0.142,  0.388, 0.22, 0.00, 0.00, 0.00, 0.00, 0.21, 0.00, 0.01, 0.00, 0.00, 0.00, 0.22, 0.00, 0.00, 0.97, 1.21, 0.00, 0.00, 0.00, 0.00, 1.00, 0.00, 0.00, 0.00, 0.00, 0.00, 0.00, 0.00, 0.00, 0.00, 0.00, 0.00, 1.00, 0.00, 0.00
75,  0,  2.469,  0.98,  1,  0.041095,  -0.040495,  -0.998334,  -0.151050,  0.043667,  -0.987561,  -0.055,  0.002,  549.1,  554.1,  565.9,  577.6,  582.4,  578.4,  565.7,  553.9,  537.4,  544.0,  553.4,  565.5,  578.0,  587.6,  594.1,  586.6,  575.5,  563.4,  552.6,  543.6,  560.5,  566.0,  571.6,  573.9,  571.7,  566.1,  560.5,  558.2,  706.2,  711.1,  723.8,  736.8,  742.5,  737.6,  724.9,  710.9,  697.6,  704.6,  714.6,  727.9,  740.2,  749.3,  755.7,  749.6,  741.2,  730.6,  718.0,  706.5,  717.6,  724.2,  730.7,  733.2,  730.2,  723.6,  717.1,  714.6,  344.6,  333.5,  328.5,  332.4,  343.0,  355.1,  359.1,  355.2,  351.7,  344.6,  339.7,  337.2,  338.7,  343.1,  349.7,  353.3,  354.2,  355.1,  355.4,  354.7,  350.2,  352.1,  349.7,  344.5,  339.5,  337.6,  340.0,  345.2,  344.7,  331.9,  326.6,  332.0,  344.9,  357.8,  363.1,  358.7,  350.2,  342.3,  337.7,  336.2,  338.4,  342.6,  349.2,  351.6,  352.9,  353.5,  353.2,  352.5,  352.0,  354.8,  352.1,  345.5,  338.9,  336.1,  338.8,  345.4,  -33.6,  -31.9,  -27.5,  -23.1,  -21.2,  -22.5,  -27.2,  -31.6,  -38.3,  -35.6,  -31.9,  -27.4,  -22.8,  -19.3,  -16.9,  -19.6,  -23.5,  -27.9,  -32.0,  -35.6,  -29.3,  -27.2,  -25.2,  -24.4,  -25.3,  -27.4,  -29.5,  -30.2,  23.0,  24.8,  29.4,  34.0,  35.9,  34.0,  29.5,  24.6,  20.1,  22.5,  25.9,  30.6,  35.0,  38.5,  41.0,  38.6,  35.3,  31.4,  27.0,  23.1,  27.1,  29.4,  31.7,  32.7,  31.7,  29.3,  27.0,  26.1,  -5.7,  -9.8,  -11.7,  -10.2,  -6.2,  -1.8,  -0.3,  -1.8,  -3.1,  -5.7,  -7.5,  -8.4,  -7.8,  -6.2,  -3.8,  -2.5,  -2.1,  -1.8,  -1.7,  -2.0,  -3.6,  -2.9,  -3.8,  -5.7,  -7.6,  -8.3,  -7.4,  -5.5,  -5.3,  -9.8,  -11.7,  -9.8,  -5.3,  -0.8,  1.1,  -0.4,  -3.4,  -6.1,  -7.7,  -8.3,  -7.6,  -6.1,  -3.8,  -2.9,  -2.5,  -2.3,  -2.4,  -2.6,  -2.8,  -1.8,  -2.8,  -5.1,  -7.4,  -8.4,  -7.4,  -5.1,  323.2,  324.9,  325.1,  323.9,  321.8,  320.1,  319.8,  321.1,  326.1,  324.5,  322.8,  321.9,  322.0,  322.4,  322.8,  320.9,  319.3,  319.2,  320.7,  323.3,  322.5,  321.9,  322.1,  322.9,  323.9,  324.5,  324.3,  323.5,  304.4,  305.7,  306.8,  307.2,  306.5,  305.2,  304.1,  303.9,  304.7,  304.3,  304.2,  304.6,  305.9,  308.3,  310.4,  307.9,  305.2,  303.2,  302.8,  303.6,  305.4,  305.6,  306.2,  306.9,  307.2,  307.0,  306.4,  305.8,  2.1,  32.5,  337.0,  -0.191,  0.042,  0.008,  463.2,  464.2,  470.4,  480.8,  498.0,  524.6,  558.0,  597.1,  643.3,  689.8,  731.8,  769.0,  798.4,  816.1,  824.9,  831.5,  835.1,  497.4,  516.8,  545.4,  576.2,  605.3,  685.7,  718.6,  749.3,  777.7,  796.7,  645.3,  645.1,  644.7,  644.2,  611.3,  627.7,  644.4,  661.7,  677.7,  534.1,  553.6,  576.9,  596.0,  576.4,  553.6,  696.1,  715.2,  738.7,  757.6,  740.0,  717.3,  584.3,  604.6,  628.0,  644.3,  662.4,  687.7,  707.9,  688.3,  664.5,  644.7,  626.3,  603.9,  595.7,  627.4,  644.2,  662.4,  697.4,  662.6,  644.0,  626.8,  371.9,  420.6,  469.0,  514.4,  554.4,  589.2,  615.5,  636.5,  645.0,  642.7,  627.1,  601.2,  565.4,  519.6,  468.4,  415.3,  363.1,  324.5,  301.3,  291.4,  291.8,  296.7,  295.9,  288.9,  288.8,  298.5,  319.3,  336.2,  363.7,  390.8,  419.0,  448.0,  453.0,  457.3,  453.2,  449.1,  351.5,  339.2,  338.1,  349.5,  355.0,  356.3,  349.0,  336.6,  338.1,  349.2,  354.7,  354.0,  523.7,  499.9,  489.5,  493.8,  489.8,  502.2,  523.1,  545.5,  554.0,  555.2,  553.1,  543.5,  522.4,  509.8,  510.7,  509.8,  522.6,  526.3,  527.4,  525.5,  -79.8,  -79.1,  -76.2,  -71.1,  -62.2,  -49.1,  -33.5,  -16.8,  1.3,  19.7,  37.9,  54.9,  68.8,  77.0,  80.7,  83.4,  85.4,  -59.3,  -50.5,  -38.2,  -25.4,  -13.6,  17.8,  31.0,  43.5,  55.1,  63.1,  2.0,  1.9,  1.7,  1.5,  -10.8,  -4.6,  1.6,  8.1,  14.1,  -43.0,  -34.8,  -25.3,  -17.6,  -25.4,  -34.7,  22.2,  29.7,  39.1,  46.8,  39.5,  30.5,  -21.6,  -13.3,  -4.4,  1.6,  8.2,  17.8,  26.0,  18.0,  9.0,  1.7,  -5.1,  -13.6,  -17.1,  -4.7,  1.5,  8.3,  21.8,  8.4,  1.5,  -4.9,  5.3,  27.2,  49.0,  68.9,  85.1,  97.5,  104.2,  108.4,  110.7,  111.9,  110.2,  102.6,  89.1,  69.8,  47.3,  24.1,  1.3,  -14.7,  -24.1,  -27.7,  -27.1,  -24.7,  -25.0,  -28.0,  -28.3,  -24.6,  -16.4,  -9.2,  1.4,  11.4,  21.3,  33.0,  34.7,  36.0,  34.6,  33.3,  -3.4,  -8.4,  -8.8,  -4.2,  -2.0,  -1.5,  -4.4,  -9.2,  -8.7,  -4.3,  -2.1,  -2.4,  63.4,  52.5,  47.9,  49.1,  47.7,  53.1,  62.3,  69.2,  71.5,  71.9,  71.5,  69.0,  62.4,  55.7,  55.7,  55.4,  61.8,  61.6,  62.0,  61.6,  394.8,  393.5,  393.3,  390.8,  383.1,  372.3,  357.1,  343.0,  339.8,  346.3,  360.9,  372.2,  379.8,  382.4,  381.9,  381.1,  382.9,  363.9,  358.6,  353.7,  348.0,  342.1,  340.9,  344.7,  348.3,  350.1,  352.4,  337.2,  330.1,  322.6,  315.5,  328.4,  325.9,  324.1,  325.3,  326.8,  355.0,  352.3,  350.7,  349.1,  349.2,  351.0,  346.8,  345.9,  346.3,  348.4,  345.5,  345.2,  338.9,  328.1,  323.3,  321.5,  321.5,  326.7,  334.5,  326.6,  322.4,  322.4,  324.1,  329.0,  336.5,  325.2,  323.5,  323.4,  332.6,  323.9,  323.9,  325.7,  2.531,  -0.057,  0.052,  0.006,  646.030,  446.846,  -15.592,  -2.376,  -14.597,  -1.505,  -7.882,  -7.484,  6.048,  0.321,  7.387,  -7.819,  -5.344,  -6.563,  10.712,  -4.756,  1.961,  -0.047,  3.324,  -0.790,  -1.405,  -4.345,  1.035,  0.221,  1.448,  0.868,  -0.191,  1.553,  0.232,  -0.235,  -0.203,  -0.248,  0.282,  -0.612,  0.077,  0.361, 0.11, 0.00, 0.00, 0.00, 0.00, 0.40, 0.00, 0.05, 0.00, 0.00, 0.00, 0.09, 0.00, 0.00, 1.49, 1.34, 0.00, 0.00, 0.00, 0.00, 1.00, 0.00, 0.00, 0.00, 0.00, 0.00, 0.00, 0.00, 0.00, 0.00, 0.00, 1.00, 1.00, 0.00, 0.00
76,  0,  2.503,  0.98,  1,  0.043765,  -0.043355,  -0.998101,  -0.144770,  0.043890,  -0.988491,  -0.051,  0.000,  549.1,  554.0,  565.6,  577.2,  581.9,  577.9,  565.4,  553.8,  537.1,  543.7,  553.1,  565.4,  577.9,  587.3,  593.7,  586.2,  575.1,  563.0,  552.3,  543.3,  560.3,  565.7,  571.2,  573.5,  571.3,  565.8,  560.3,  558.0,  706.2,  710.8,  723.2,  736.2,  742.2,  737.6,  725.1,  711.1,  697.1,  704.2,  714.4,  727.6,  739.9,  748.9,  755.4,  749.3,  741.0,  730.4,  717.8,  706.2,  717.6,  724.2,  730.6,  732.9,  729.8,  723.2,  716.8,  714.5,  344.8,  333.9,  329.0,  333.0,  343.6,  355.5,  359.4,  355.4,  352.2,  344.9,  340.1,  337.5,  339.1,  343.6,  350.0,  353.7,  354.6,  355.6,  355.8,  355.1,  350.5,  352.4,  350.1,  344.9,  339.9,  338.1,  340.4,  345.5,  345.4,  332.6,  327.2,  332.5,  345.2,  358.1,  363.4,  359.3,  350.8,  342.9,  338.1,  336.4,  338.7,  343.0,  349.7,  352.2,  353.3,  353.8,  353.6,  353.0,  352.6,  355.3,  352.5,  346.0,  339.4,  336.8,  339.5,  346.1,  -33.8,  -32.1,  -27.8,  -23.4,  -21.5,  -22.9,  -27.5,  -31.8,  -38.6,  -36.0,  -32.3,  -27.6,  -23.0,  -19.6,  -17.2,  -19.9,  -23.8,  -28.3,  -32.4,  -36.0,  -29.6,  -27.5,  -25.5,  -24.7,  -25.6,  -27.7,  -29.7,  -30.5,  22.9,  24.6,  29.0,  33.6,  35.6,  33.9,  29.4,  24.6,  19.8,  22.2,  25.7,  30.3,  34.8,  38.2,  40.8,  38.3,  35.1,  31.2,  26.8,  22.8,  26.9,  29.2,  31.5,  32.4,  31.4,  29.0,  26.8,  25.9,  -5.6,  -9.7,  -11.6,  -10.0,  -6.1,  -1.7,  -0.2,  -1.7,  -2.9,  -5.6,  -7.4,  -8.3,  -7.7,  -6.1,  -3.7,  -2.3,  -2.0,  -1.6,  -1.5,  -1.8,  -3.5,  -2.8,  -3.7,  -5.6,  -7.5,  -8.2,  -7.3,  -5.4,  -5.0,  -9.5,  -11.4,  -9.6,  -5.1,  -0.7,  1.2,  -0.2,  -3.2,  -5.9,  -7.6,  -8.2,  -7.4,  -6.0,  -3.6,  -2.7,  -2.3,  -2.1,  -2.2,  -2.4,  -2.6,  -1.6,  -2.6,  -4.9,  -7.2,  -8.1,  -7.1,  -4.8,  325.1,  326.8,  327.0,  325.8,  323.8,  322.3,  321.9,  323.1,  328.3,  326.6,  324.9,  324.0,  324.1,  324.5,  325.1,  323.1,  321.5,  321.3,  322.9,  325.4,  324.6,  324.0,  324.1,  324.9,  325.9,  326.4,  326.3,  325.5,  302.6,  304.0,  305.3,  305.7,  305.0,  303.6,  302.3,  302.0,  302.8,  302.4,  302.4,  303.0,  304.5,  307.0,  309.1,  306.4,  303.6,  301.5,  301.0,  301.7,  303.6,  303.9,  304.5,  305.3,  305.7,  305.4,  304.7,  304.0,  2.1,  32.6,  337.4,  -0.189,  0.042,  0.008,  462.3,  463.6,  470.1,  480.6,  497.9,  524.5,  558.0,  597.3,  643.6,  690.0,  731.8,  768.5,  797.7,  815.6,  824.6,  831.5,  835.2,  497.2,  516.9,  545.6,  576.2,  605.1,  685.3,  718.2,  748.9,  777.2,  796.4,  645.0,  644.8,  644.4,  644.0,  610.2,  627.0,  644.1,  661.9,  678.1,  533.6,  553.4,  576.6,  595.8,  576.0,  553.2,  695.7,  714.8,  738.3,  757.4,  739.7,  717.0,  583.5,  603.2,  626.8,  643.9,  663.1,  688.6,  708.3,  689.3,  665.4,  644.4,  625.2,  602.5,  594.8,  626.2,  643.8,  663.1,  697.7,  663.5,  643.7,  625.6,  370.5,  419.7,  468.4,  514.1,  554.6,  589.9,  616.7,  637.5,  645.7,  643.3,  627.9,  602.2,  566.1,  520.0,  468.4,  415.3,  362.8,  324.9,  301.6,  291.8,  292.1,  296.9,  295.9,  289.4,  289.4,  299.2,  320.1,  337.0,  364.6,  391.7,  419.9,  447.7,  452.8,  457.1,  452.8,  448.5,  352.0,  339.5,  338.5,  350.1,  355.4,  356.5,  349.7,  337.1,  338.5,  349.6,  355.0,  354.4,  523.9,  498.0,  487.1,  491.3,  487.4,  500.3,  522.9,  545.8,  554.8,  556.2,  554.2,  544.3,  522.3,  507.0,  507.9,  507.0,  522.3,  527.9,  529.2,  527.2,  -80.3,  -79.4,  -76.4,  -71.1,  -62.2,  -49.2,  -33.6,  -16.8,  1.4,  19.8,  37.9,  54.7,  68.4,  76.7,  80.5,  83.5,  85.6,  -59.4,  -50.4,  -38.2,  -25.4,  -13.7,  17.6,  30.8,  43.4,  55.0,  63.1,  1.9,  1.8,  1.6,  1.4,  -11.2,  -4.9,  1.5,  8.1,  14.3,  -43.1,  -34.9,  -25.4,  -17.6,  -25.5,  -34.8,  22.1,  29.6,  38.9,  46.7,  39.4,  30.4,  -21.9,  -13.8,  -4.9,  1.4,  8.5,  18.2,  26.1,  18.4,  9.4,  1.6,  -5.5,  -14.1,  -17.4,  -5.1,  1.4,  8.5,  22.0,  8.7,  1.4,  -5.4,  4.7,  26.9,  48.7,  68.8,  85.2,  98.0,  105.0,  109.0,  111.1,  112.2,  110.6,  103.0,  89.4,  69.9,  47.3,  24.1,  1.2,  -14.6,  -23.9,  -27.6,  -27.0,  -24.7,  -25.0,  -27.8,  -28.1,  -24.3,  -16.1,  -8.9,  1.7,  11.7,  21.7,  33.0,  34.6,  36.0,  34.5,  33.1,  -3.3,  -8.2,  -8.6,  -3.9,  -1.8,  -1.4,  -4.1,  -9.1,  -8.5,  -4.1,  -2.0,  -2.2,  63.6,  51.8,  47.0,  48.3,  46.8,  52.5,  62.4,  69.5,  71.8,  72.4,  72.0,  69.4,  62.6,  54.7,  54.7,  54.3,  61.8,  62.2,  62.7,  62.4,  395.4,  393.8,  393.3,  390.6,  383.2,  372.8,  358.0,  343.8,  340.4,  346.6,  361.0,  372.2,  379.6,  382.2,  381.7,  381.4,  383.6,  363.8,  358.6,  353.7,  348.1,  342.2,  341.1,  344.9,  348.4,  350.4,  352.8,  337.4,  330.6,  323.4,  316.5,  329.2,  326.6,  324.6,  325.7,  327.2,  354.9,  352.2,  350.7,  349.0,  349.2,  350.9,  346.8,  346.0,  346.4,  348.5,  345.5,  345.2,  339.5,  328.5,  323.8,  321.8,  321.8,  327.2,  335.0,  327.1,  322.8,  322.8,  324.6,  329.6,  337.2,  325.5,  323.6,  323.5,  333.2,  324.4,  324.5,  326.5,  2.528,  -0.056,  0.052,  0.007,  645.788,  446.906,  -16.798,  -2.405,  -11.995,  -2.482,  -8.273,  -9.040,  6.906,  0.468,  6.696,  -8.786,  -6.037,  -6.147,  10.630,  -3.021,  2.213,  0.504,  3.724,  -0.666,  -1.464,  -4.323,  0.774,  1.458,  1.004,  -0.023,  -0.024,  1.709,  0.302,  -0.043,  0.013,  -0.303,  0.513,  -0.672,  0.050,  0.295, 0.02, 0.00, 0.00, 0.00, 0.00, 0.53, 0.00, 0.07, 0.00, 0.00, 0.00, 0.09, 0.00, 0.00, 1.95, 1.59, 0.00, 0.00, 0.00, 0.00, 1.00, 0.00, 0.00, 0.00, 0.00, 0.00, 0.00, 0.00, 0.00, 0.00, 0.00, 1.00, 1.00, 0.00, 0.00
77,  0,  2.536,  0.98,  1,  0.040362,  -0.050888,  -0.997888,  -0.144609,  0.044543,  -0.988486,  -0.052,  -0.003,  548.8,  553.5,  564.9,  576.4,  581.2,  577.4,  565.1,  553.6,  536.7,  543.2,  552.7,  565.0,  577.5,  586.8,  593.0,  585.8,  574.8,  562.8,  552.1,  543.0,  560.0,  565.3,  570.5,  572.6,  570.4,  565.2,  560.0,  557.8,  705.9,  710.4,  722.9,  736.1,  742.2,  737.7,  725.2,  711.1,  696.9,  704.1,  714.2,  727.5,  739.8,  748.9,  755.5,  749.4,  741.0,  730.4,  717.7,  706.0,  717.6,  724.2,  730.4,  732.7,  729.6,  723.0,  716.8,  714.5,  345.1,  334.3,  329.4,  333.3,  343.7,  355.5,  359.4,  355.5,  352.7,  345.4,  340.6,  338.0,  339.6,  344.0,  350.3,  354.0,  355.0,  356.0,  356.3,  355.6,  350.4,  352.2,  350.0,  345.1,  340.3,  338.5,  340.7,  345.7,  346.1,  333.2,  327.7,  332.9,  345.6,  358.5,  364.0,  360.0,  351.4,  343.5,  338.7,  337.0,  339.3,  343.5,  350.2,  352.6,  353.8,  354.3,  354.1,  353.6,  353.1,  355.7,  352.9,  346.5,  340.1,  337.5,  340.3,  346.7,  -34.2,  -32.6,  -28.3,  -23.9,  -22.0,  -23.3,  -27.9,  -32.2,  -39.1,  -36.5,  -32.7,  -28.0,  -23.4,  -20.0,  -17.6,  -20.2,  -24.2,  -28.6,  -32.8,  -36.4,  -30.0,  -28.0,  -26.0,  -25.3,  -26.2,  -28.2,  -30.1,  -30.9,  22.8,  24.4,  28.9,  33.5,  35.5,  33.8,  29.4,  24.5,  19.7,  22.1,  25.6,  30.2,  34.6,  38.1,  40.7,  38.2,  35.0,  31.1,  26.7,  22.7,  26.9,  29.2,  31.4,  32.3,  31.2,  28.9,  26.7,  25.8,  -5.6,  -9.7,  -11.6,  -10.0,  -6.1,  -1.7,  -0.2,  -1.7,  -2.8,  -5.5,  -7.3,  -8.2,  -7.6,  -6.0,  -3.6,  -2.2,  -1.8,  -1.5,  -1.4,  -1.6,  -3.6,  -2.9,  -3.7,  -5.6,  -7.4,  -8.1,  -7.3,  -5.4,  -4.8,  -9.3,  -11.2,  -9.5,  -5.0,  -0.5,  1.4,  0.0,  -3.0,  -5.7,  -7.3,  -7.9,  -7.2,  -5.8,  -3.5,  -2.6,  -2.2,  -2.0,  -2.0,  -2.2,  -2.4,  -1.5,  -2.5,  -4.7,  -6.9,  -7.8,  -6.9,  -4.6,  328.3,  330.0,  330.3,  329.2,  327.2,  325.7,  325.2,  326.3,  331.3,  329.7,  328.0,  327.2,  327.4,  328.0,  328.7,  326.6,  324.9,  324.6,  326.1,  328.6,  327.9,  327.4,  327.5,  328.3,  329.2,  329.7,  329.5,  328.8,  302.0,  303.5,  304.8,  305.2,  304.4,  302.9,  301.6,  301.4,  302.2,  301.8,  301.8,  302.3,  303.8,  306.2,  308.3,  305.7,  302.8,  300.7,  300.3,  301.1,  303.1,  303.2,  303.9,  304.7,  305.1,  304.9,  304.2,  303.5,  2.0,  32.7,  337.3,  -0.188,  0.040,  0.008,  462.1,  463.4,  469.8,  480.2,  497.5,  524.2,  557.9,  597.3,  643.6,  689.9,  731.5,  768.1,  797.2,  815.1,  824.2,  831.0,  834.8,  496.7,  516.3,  544.9,  575.5,  604.5,  685.6,  718.6,  749.1,  777.3,  796.4,  644.8,  644.7,  644.3,  643.9,  610.0,  626.9,  644.1,  661.8,  678.1,  533.3,  553.0,  576.2,  595.4,  575.6,  552.8,  695.6,  714.8,  738.3,  757.3,  739.7,  717.0,  583.1,  602.9,  626.5,  644.0,  663.5,  689.0,  708.5,  689.8,  665.9,  644.5,  625.0,  602.2,  594.5,  626.0,  643.8,  663.5,  698.0,  664.0,  643.8,  625.4,  370.3,  419.7,  468.5,  514.3,  555.1,  590.5,  617.5,  638.5,  646.7,  644.3,  628.6,  602.7,  566.5,  520.4,  468.8,  415.6,  363.2,  325.4,  302.1,  292.3,  292.6,  297.2,  296.3,  289.9,  289.9,  299.7,  320.4,  337.5,  365.0,  392.1,  420.3,  448.3,  453.4,  457.7,  453.3,  449.0,  352.4,  340.0,  339.0,  350.5,  355.8,  356.9,  350.2,  337.7,  339.1,  350.1,  355.5,  354.9,  524.4,  498.8,  488.0,  492.2,  488.3,  501.0,  523.4,  546.2,  555.2,  556.8,  554.7,  544.8,  522.9,  507.9,  508.8,  507.9,  522.8,  528.4,  529.8,  527.8,  -80.2,  -79.4,  -76.4,  -71.3,  -62.3,  -49.3,  -33.6,  -16.8,  1.4,  19.8,  37.7,  54.5,  68.2,  76.5,  80.3,  83.2,  85.4,  -59.5,  -50.6,  -38.4,  -25.6,  -13.9,  17.8,  31.0,  43.5,  55.0,  63.1,  1.9,  1.8,  1.6,  1.4,  -11.3,  -4.9,  1.5,  8.1,  14.3,  -43.3,  -35.0,  -25.5,  -17.8,  -25.7,  -34.9,  22.0,  29.6,  38.9,  46.7,  39.4,  30.4,  -22.1,  -13.9,  -5.0,  1.5,  8.6,  18.3,  26.2,  18.6,  9.5,  1.7,  -5.6,  -14.2,  -17.5,  -5.2,  1.4,  8.7,  22.1,  8.9,  1.4,  -5.4,  4.6,  26.8,  48.7,  68.8,  85.4,  98.1,  105.3,  109.4,  111.5,  112.6,  110.8,  103.2,  89.6,  70.1,  47.4,  24.2,  1.4,  -14.4,  -23.7,  -27.3,  -26.8,  -24.6,  -24.8,  -27.6,  -27.9,  -24.1,  -16.0,  -8.7,  1.9,  11.9,  21.8,  33.2,  34.8,  36.2,  34.7,  33.3,  -3.1,  -8.0,  -8.4,  -3.8,  -1.7,  -1.2,  -3.9,  -8.8,  -8.3,  -3.9,  -1.8,  -2.0,  63.7,  52.1,  47.4,  48.6,  47.2,  52.7,  62.6,  69.6,  72.0,  72.6,  72.2,  69.6,  62.7,  55.0,  55.0,  54.6,  62.0,  62.4,  63.0,  62.6,  394.7,  393.3,  393.0,  390.3,  382.9,  372.5,  357.7,  343.6,  340.2,  346.6,  360.9,  372.1,  379.4,  382.1,  381.4,  381.2,  383.4,  363.6,  358.4,  353.5,  347.9,  342.0,  340.9,  344.9,  348.4,  350.4,  353.0,  337.2,  330.3,  323.1,  316.2,  329.0,  326.4,  324.3,  325.4,  327.0,  354.6,  351.9,  350.5,  348.8,  348.9,  350.6,  346.7,  346.0,  346.4,  348.5,  345.5,  345.1,  339.2,  328.2,  323.6,  321.6,  321.7,  327.1,  334.9,  327.2,  322.8,  322.7,  324.5,  329.4,  336.9,  325.3,  323.5,  323.4,  333.0,  324.4,  324.4,  326.4,  2.530,  -0.056,  0.050,  0.006,  645.651,  447.438,  -17.217,  -2.255,  -11.878,  -2.288,  -8.322,  -8.904,  6.329,  0.601,  7.063,  -8.867,  -6.236,  -6.037,  10.772,  -2.927,  2.338,  0.522,  3.018,  -0.610,  -1.554,  -4.646,  0.745,  1.433,  0.773,  -0.084,  0.100,  1.615,  0.167,  0.026,  -0.033,  -0.296,  0.512,  -0.708,  0.053,  0.299, 0.00, 0.00, 0.00, 0.00, 0.00, 0.52, 0.00, 0.07, 0.00, 0.00, 0.00, 0.13, 0.00, 0.00, 2.09, 1.68, 0.00, 0.00, 0.00, 0.00, 1.00, 0.00, 0.00, 0.00, 0.00, 0.00, 0.00, 0.00, 0.00, 0.00, 0.00, 1.00, 1.00, 0.00, 0.00
78,  0,  2.569,  0.98,  1,  0.039486,  -0.055735,  -0.997665,  -0.145186,  0.043861,  -0.988432,  -0.053,  -0.006,  548.6,  553.3,  564.8,  576.3,  581.1,  577.2,  564.8,  553.3,  536.7,  543.1,  552.6,  564.9,  577.4,  586.7,  592.8,  585.6,  574.7,  562.5,  551.9,  542.8,  559.9,  565.0,  570.2,  572.3,  570.2,  565.0,  559.9,  557.8,  705.9,  710.5,  723.0,  736.1,  742.1,  737.4,  724.9,  710.9,  697.0,  704.1,  714.2,  727.4,  739.6,  748.7,  755.3,  749.2,  740.8,  730.2,  717.6,  706.0,  717.4,  724.1,  730.4,  732.8,  729.7,  723.0,  716.6,  714.3,  345.2,  334.5,  329.7,  333.7,  344.0,  355.7,  359.5,  355.5,  353.0,  345.7,  341.0,  338.4,  340.0,  344.4,  350.6,  354.5,  355.4,  356.4,  356.8,  356.1,  350.5,  352.3,  350.1,  345.4,  340.7,  339.0,  341.1,  345.9,  346.4,  333.6,  328.3,  333.5,  346.1,  358.9,  364.3,  360.2,  351.7,  343.8,  339.1,  337.4,  339.7,  344.0,  350.7,  353.1,  354.3,  354.7,  354.5,  354.0,  353.6,  356.2,  353.5,  346.9,  340.5,  337.8,  340.6,  347.1,  -34.3,  -32.7,  -28.4,  -24.0,  -22.0,  -23.4,  -28.0,  -32.3,  -39.1,  -36.5,  -32.8,  -28.1,  -23.5,  -20.0,  -17.7,  -20.3,  -24.3,  -28.7,  -32.9,  -36.5,  -30.0,  -28.1,  -26.1,  -25.4,  -26.3,  -28.3,  -30.2,  -30.9,  22.8,  24.6,  29.0,  33.7,  35.7,  33.9,  29.4,  24.5,  19.8,  22.2,  25.7,  30.3,  34.7,  38.2,  40.8,  38.3,  35.1,  31.1,  26.8,  22.8,  26.9,  29.3,  31.5,  32.4,  31.4,  29.1,  26.8,  25.9,  -5.6,  -9.6,  -11.4,  -9.9,  -6.0,  -1.6,  -0.2,  -1.7,  -2.6,  -5.4,  -7.1,  -8.1,  -7.5,  -5.9,  -3.5,  -2.1,  -1.7,  -1.3,  -1.2,  -1.5,  -3.6,  -2.9,  -3.7,  -5.5,  -7.3,  -7.9,  -7.1,  -5.3,  -4.7,  -9.2,  -11.1,  -9.3,  -4.8,  -0.4,  1.5,  0.1,  -2.9,  -5.6,  -7.2,  -7.8,  -7.1,  -5.6,  -3.3,  -2.4,  -2.0,  -1.8,  -1.9,  -2.1,  -2.2,  -1.3,  -2.3,  -4.6,  -6.8,  -7.8,  -6.8,  -4.5,  328.5,  330.2,  330.6,  329.5,  327.4,  325.8,  325.3,  326.4,  331.3,  329.8,  328.2,  327.4,  327.7,  328.2,  328.8,  326.7,  325.0,  324.7,  326.2,  328.6,  328.0,  327.5,  327.7,  328.5,  329.4,  329.9,  329.7,  328.9,  303.5,  305.0,  306.3,  306.6,  305.8,  304.2,  302.9,  302.8,  303.7,  303.4,  303.4,  303.9,  305.3,  307.6,  309.6,  307.0,  304.2,  302.2,  301.8,  302.6,  304.4,  304.6,  305.3,  306.1,  306.5,  306.4,  305.7,  304.9,  2.0,  32.9,  337.9,  -0.188,  0.039,  0.007,  462.0,  463.4,  469.7,  479.9,  497.0,  523.5,  557.0,  596.5,  643.0,  689.7,  731.6,  768.5,  797.6,  815.1,  823.9,  830.6,  834.3,  496.3,  516.3,  545.1,  576.0,  605.2,  684.8,  718.0,  748.7,  777.2,  796.5,  644.7,  644.6,  644.3,  643.8,  609.9,  626.8,  644.0,  661.8,  678.1,  533.2,  552.8,  576.1,  595.2,  575.5,  552.7,  695.6,  714.7,  738.2,  757.1,  739.5,  716.9,  582.5,  603.1,  626.9,  644.0,  663.1,  688.8,  709.0,  689.6,  665.5,  644.6,  625.4,  602.5,  593.9,  626.4,  643.9,  663.2,  698.4,  663.6,  643.9,  625.9,  370.7,  420.0,  468.7,  514.4,  555.0,  590.1,  616.8,  637.8,  646.0,  643.6,  628.0,  602.1,  565.9,  519.7,  468.3,  415.5,  363.5,  325.6,  302.3,  292.6,  293.0,  297.9,  297.1,  290.4,  290.4,  300.0,  320.7,  337.8,  365.3,  392.5,  420.7,  449.0,  454.1,  458.4,  454.0,  449.7,  352.7,  340.4,  339.4,  350.9,  356.2,  357.4,  350.5,  338.1,  339.5,  350.6,  355.9,  355.4,  524.6,  499.9,  489.5,  493.7,  489.7,  502.0,  523.5,  545.6,  554.1,  555.6,  553.6,  544.3,  523.2,  509.3,  510.1,  509.2,  523.0,  527.4,  528.7,  526.8,  -80.4,  -79.5,  -76.6,  -71.6,  -62.7,  -49.7,  -34.0,  -17.1,  1.2,  19.7,  37.9,  54.7,  68.4,  76.6,  80.2,  83.1,  85.2,  -59.8,  -50.8,  -38.4,  -25.5,  -13.6,  17.5,  30.8,  43.4,  55.0,  63.2,  1.8,  1.7,  1.6,  1.4,  -11.3,  -4.9,  1.5,  8.1,  14.3,  -43.4,  -35.1,  -25.6,  -17.9,  -25.8,  -35.1,  22.1,  29.6,  38.9,  46.7,  39.4,  30.4,  -22.4,  -13.9,  -4.9,  1.5,  8.5,  18.3,  26.5,  18.6,  9.4,  1.7,  -5.4,  -14.2,  -17.8,  -5.1,  1.5,  8.6,  22.3,  8.8,  1.4,  -5.3,  4.8,  27.0,  48.9,  69.0,  85.5,  98.1,  105.1,  109.2,  111.3,  112.4,  110.7,  103.1,  89.4,  69.8,  47.3,  24.2,  1.5,  -14.3,  -23.7,  -27.3,  -26.7,  -24.3,  -24.6,  -27.5,  -27.8,  -24.1,  -15.9,  -8.6,  2.0,  12.0,  22.0,  33.5,  35.2,  36.6,  35.1,  33.6,  -3.0,  -7.9,  -8.3,  -3.6,  -1.5,  -1.1,  -3.8,  -8.7,  -8.1,  -3.8,  -1.6,  -1.8,  64.0,  52.6,  48.0,  49.3,  47.8,  53.2,  62.8,  69.5,  71.7,  72.2,  71.9,  69.5,  63.0,  55.6,  55.7,  55.3,  62.2,  62.2,  62.6,  62.3,  395.5,  394.1,  393.7,  391.0,  383.6,  373.0,  358.2,  344.0,  340.5,  346.9,  361.4,  372.7,  380.0,  382.5,  381.8,  381.5,  383.6,  364.3,  359.0,  354.0,  348.4,  342.5,  341.5,  345.4,  349.0,  351.0,  353.5,  337.8,  331.0,  323.8,  316.9,  329.7,  327.0,  325.1,  326.2,  327.8,  355.3,  352.6,  351.1,  349.6,  349.6,  351.3,  347.5,  346.7,  347.1,  349.2,  346.2,  345.9,  340.2,  329.2,  324.5,  322.6,  322.6,  328.0,  336.0,  327.9,  323.3,  323.2,  325.0,  330.1,  337.9,  326.1,  324.4,  324.3,  334.1,  325.0,  324.9,  326.8,  2.525,  -0.055,  0.050,  0.006,  645.539,  447.623,  -17.287,  -1.992,  -12.854,  -3.320,  -8.229,  -7.656,  5.193,  0.397,  7.322,  -8.137,  -6.276,  -5.894,  9.668,  -3.198,  2.043,  0.565,  2.989,  -0.989,  -1.278,  -4.222,  1.117,  1.094,  0.979,  0.202,  -0.116,  1.547,  -0.040,  -0.037,  -0.074,  -0.337,  0.528,  -0.761,  0.048,  0.311, 0.06, 0.00, 0.00, 0.00, 0.00, 0.56, 0.00, 0.03, 0.00, 0.00, 0.00, 0.18, 0.00, 0.00, 1.78, 1.59, 0.00, 0.00, 0.00, 0.00, 1.00, 0.00, 0.00, 0.00, 0.00, 0.00, 0.00, 0.00, 0.00, 0.00, 0.00, 1.00, 1.00, 0.00, 0.00
79,  0,  2.603,  0.98,  1,  0.038486,  -0.055149,  -0.997736,  -0.148789,  0.051597,  -0.987522,  -0.056,  -0.002,  548.5,  553.2,  564.7,  576.1,  580.9,  577.0,  564.6,  553.2,  536.5,  542.9,  552.3,  564.6,  577.0,  586.5,  592.9,  585.6,  574.6,  562.5,  551.7,  542.5,  559.9,  564.9,  569.9,  572.0,  569.9,  564.9,  559.9,  557.8,  705.8,  710.5,  722.9,  735.8,  741.6,  737.0,  724.6,  710.7,  696.9,  704.0,  714.1,  727.3,  739.6,  748.7,  755.1,  749.0,  740.7,  730.1,  717.6,  705.9,  717.3,  723.7,  729.9,  732.2,  729.3,  722.8,  716.6,  714.3,  345.5,  334.7,  329.8,  333.7,  344.1,  355.9,  359.8,  355.9,  353.4,  346.2,  341.4,  338.7,  340.4,  344.9,  351.2,  354.9,  355.8,  356.7,  357.1,  356.4,  350.6,  352.3,  350.2,  345.5,  341.0,  339.3,  341.4,  346.1,  346.7,  334.0,  328.7,  334.0,  346.8,  359.5,  364.7,  360.5,  352.1,  344.2,  339.4,  337.7,  340.0,  344.5,  351.2,  353.6,  354.6,  355.1,  354.8,  354.3,  353.8,  356.4,  353.8,  347.4,  341.0,  338.4,  341.1,  347.4,  -34.3,  -32.7,  -28.4,  -24.0,  -22.1,  -23.4,  -28.0,  -32.3,  -39.2,  -36.6,  -32.8,  -28.2,  -23.5,  -20.0,  -17.7,  -20.3,  -24.2,  -28.7,  -32.9,  -36.6,  -30.0,  -28.0,  -26.2,  -25.5,  -26.3,  -28.2,  -30.1,  -30.8,  22.9,  24.6,  29.1,  33.6,  35.6,  33.8,  29.3,  24.5,  19.8,  22.2,  25.7,  30.4,  34.8,  38.3,  40.8,  38.4,  35.1,  31.2,  26.8,  22.8,  26.9,  29.2,  31.4,  32.3,  31.3,  29.1,  26.8,  25.9,  -5.4,  -9.5,  -11.4,  -9.9,  -5.9,  -1.5,  -0.1,  -1.5,  -2.5,  -5.2,  -7.0,  -8.0,  -7.3,  -5.7,  -3.3,  -1.9,  -1.6,  -1.2,  -1.1,  -1.3,  -3.5,  -2.9,  -3.7,  -5.4,  -7.2,  -7.8,  -7.0,  -5.2,  -4.6,  -9.1,  -11.0,  -9.1,  -4.6,  -0.2,  1.6,  0.2,  -2.7,  -5.5,  -7.1,  -7.7,  -7.0,  -5.5,  -3.1,  -2.3,  -1.9,  -1.7,  -1.8,  -2.0,  -2.2,  -1.2,  -2.2,  -4.4,  -6.7,  -7.6,  -6.6,  -4.4,  327.8,  329.5,  329.8,  328.6,  326.6,  325.1,  324.7,  325.8,  331.0,  329.3,  327.6,  326.7,  326.8,  327.4,  328.0,  326.0,  324.3,  324.1,  325.6,  328.2,  327.4,  326.8,  327.0,  327.7,  328.6,  329.1,  329.0,  328.2,  304.1,  305.5,  306.8,  307.2,  306.4,  305.0,  303.7,  303.5,  304.3,  303.9,  303.9,  304.4,  306.0,  308.4,  310.6,  307.9,  305.0,  302.9,  302.4,  303.2,  305.1,  305.3,  306.0,  306.7,  307.1,  306.9,  306.3,  305.5,  1.8,  32.9,  338.1,  -0.186,  0.041,  0.007,  462.3,  463.2,  469.0,  479.1,  496.4,  523.6,  557.6,  597.5,  643.7,  689.9,  731.6,  768.4,  797.6,  815.3,  823.9,  830.5,  834.0,  496.4,  515.9,  544.8,  575.6,  605.1,  684.4,  717.5,  748.3,  777.0,  796.3,  644.4,  644.3,  643.9,  643.4,  609.8,  626.6,  643.6,  661.2,  677.5,  533.1,  552.7,  575.9,  595.0,  575.3,  552.5,  695.5,  714.7,  738.1,  757.0,  739.4,  716.8,  581.8,  603.2,  626.6,  643.4,  662.0,  687.7,  708.7,  688.3,  664.2,  644.0,  625.2,  602.6,  593.3,  626.1,  643.4,  662.2,  698.0,  662.3,  643.2,  625.6,  371.0,  419.5,  467.9,  513.5,  553.9,  589.0,  615.6,  636.4,  644.3,  641.6,  625.6,  600.0,  564.6,  519.2,  468.2,  415.5,  363.5,  326.1,  302.8,  292.9,  293.6,  298.9,  298.1,  290.8,  290.5,  300.0,  320.8,  338.3,  365.8,  393.1,  421.4,  450.3,  455.4,  459.6,  455.4,  451.2,  352.9,  340.8,  339.7,  351.1,  356.7,  357.9,  350.8,  338.5,  339.9,  350.9,  356.5,  355.9,  524.3,  501.8,  491.9,  496.3,  492.3,  504.0,  523.8,  544.0,  551.6,  552.7,  550.8,  542.3,  523.0,  512.2,  513.2,  512.2,  523.2,  524.2,  525.3,  523.4,  -80.5,  -79.9,  -77.2,  -72.2,  -63.2,  -49.7,  -33.8,  -16.7,  1.5,  19.8,  37.9,  54.9,  68.7,  76.9,  80.5,  83.1,  85.0,  -59.9,  -51.0,  -38.6,  -25.7,  -13.7,  17.4,  30.6,  43.2,  54.9,  63.1,  1.7,  1.6,  1.4,  1.2,  -11.4,  -5.0,  1.3,  7.9,  14.1,  -43.5,  -35.3,  -25.8,  -18.0,  -25.9,  -35.2,  22.0,  29.6,  39.0,  46.7,  39.4,  30.4,  -22.6,  -13.9,  -5.0,  1.3,  8.1,  17.9,  26.4,  18.1,  9.0,  1.5,  -5.5,  -14.1,  -18.0,  -5.2,  1.2,  8.2,  22.2,  8.3,  1.2,  -5.4,  5.0,  26.9,  48.7,  68.9,  85.3,  97.9,  104.7,  108.8,  110.9,  112.0,  110.0,  102.6,  89.2,  69.8,  47.4,  24.2,  1.5,  -14.1,  -23.5,  -27.2,  -26.5,  -24.0,  -24.2,  -27.3,  -27.7,  -24.1,  -15.8,  -8.4,  2.2,  12.2,  22.2,  34.0,  35.7,  37.1,  35.6,  34.2,  -2.9,  -7.7,  -8.1,  -3.6,  -1.3,  -0.9,  -3.7,  -8.5,  -8.0,  -3.6,  -1.4,  -1.6,  63.9,  53.4,  48.9,  50.3,  48.8,  54.0,  63.0,  69.0,  70.8,  71.2,  70.9,  68.8,  63.0,  56.8,  56.9,  56.5,  62.3,  61.0,  61.4,  61.0,  396.2,  395.1,  395.2,  392.8,  385.0,  374.0,  358.6,  344.5,  341.3,  348.0,  362.5,  373.9,  381.3,  383.8,  383.0,  382.0,  383.5,  364.9,  359.4,  354.4,  348.9,  343.1,  341.8,  345.5,  349.0,  350.9,  353.3,  338.1,  331.1,  323.8,  316.7,  329.9,  327.4,  325.5,  326.8,  328.3,  355.9,  353.2,  351.6,  350.1,  350.1,  351.9,  347.7,  346.9,  347.4,  349.4,  346.5,  346.2,  340.6,  329.4,  324.7,  322.9,  322.9,  328.2,  336.4,  328.1,  323.6,  323.3,  325.0,  330.3,  338.1,  326.5,  324.9,  324.8,  334.2,  325.0,  324.9,  326.7,  2.522,  -0.051,  0.053,  0.006,  645.254,  447.623,  -13.861,  -1.659,  -15.867,  -3.934,  -8.355,  -5.611,  3.954,  0.375,  6.888,  -7.699,  -6.046,  -5.978,  9.982,  -4.167,  1.378,  0.823,  1.902,  -0.310,  -0.450,  -4.464,  0.599,  -0.309,  1.245,  0.563,  -0.234,  1.335,  -0.375,  -0.234,  -0.253,  -0.341,  0.422,  -0.663,  0.129,  0.349, 0.06, 0.00, 0.00, 0.00, 0.00, 0.66, 0.00, 0.00, 0.00, 0.00, 0.00, 0.30, 0.00, 0.00, 1.15, 1.23, 0.00, 0.00, 0.00, 0.00, 1.00, 0.00, 0.00, 0.00, 0.00, 0.00, 0.00, 0.00, 0.00, 0.00, 0.00, 1.00, 1.00, 0.00, 0.00
80,  0,  2.636,  0.98,  1,  0.029613,  -0.055519,  -0.998018,  -0.151064,  0.045981,  -0.987454,  -0.061,  -0.005,  548.3,  553.0,  564.4,  575.9,  580.7,  576.9,  564.6,  553.1,  536.6,  543.0,  552.5,  564.6,  576.9,  586.4,  592.8,  585.7,  574.8,  562.8,  552.0,  542.8,  559.8,  564.8,  569.7,  571.8,  569.7,  564.7,  559.8,  557.7,  705.6,  710.4,  722.9,  735.8,  741.6,  736.9,  724.4,  710.5,  696.7,  703.8,  714.0,  727.2,  739.5,  748.7,  755.3,  749.2,  740.8,  730.1,  717.5,  705.8,  717.1,  723.6,  729.9,  732.2,  729.3,  722.8,  716.5,  714.2,  345.4,  334.6,  329.7,  333.6,  344.1,  356.0,  359.9,  355.9,  353.1,  346.1,  341.4,  338.8,  340.4,  344.8,  351.1,  354.8,  355.8,  356.7,  357.0,  356.3,  350.6,  352.3,  350.1,  345.4,  340.9,  339.2,  341.3,  346.0,  346.5,  333.9,  328.8,  334.1,  346.8,  359.4,  364.5,  360.3,  352.1,  344.4,  339.6,  337.9,  340.2,  344.6,  351.3,  353.7,  354.7,  355.1,  354.9,  354.4,  353.7,  356.3,  353.7,  347.4,  341.1,  338.5,  341.1,  347.4,  -34.5,  -32.9,  -28.6,  -24.2,  -22.3,  -23.6,  -28.1,  -32.5,  -39.3,  -36.7,  -32.9,  -28.3,  -23.7,  -20.2,  -17.8,  -20.4,  -24.3,  -28.8,  -32.9,  -36.7,  -30.2,  -28.3,  -26.4,  -25.7,  -26.5,  -28.5,  -30.3,  -31.0,  22.8,  24.5,  29.0,  33.5,  35.5,  33.7,  29.2,  24.4,  19.7,  22.1,  25.6,  30.3,  34.7,  38.2,  40.8,  38.3,  35.0,  31.1,  26.7,  22.7,  26.8,  29.1,  31.3,  32.2,  31.2,  29.0,  26.7,  25.8,  -5.5,  -9.6,  -11.5,  -10.0,  -6.0,  -1.5,  -0.1,  -1.5,  -2.6,  -5.2,  -7.0,  -7.9,  -7.4,  -5.7,  -3.3,  -1.9,  -1.6,  -1.2,  -1.1,  -1.4,  -3.6,  -2.9,  -3.7,  -5.5,  -7.2,  -7.9,  -7.1,  -5.3,  -4.7,  -9.1,  -10.9,  -9.1,  -4.6,  -0.2,  1.6,  0.1,  -2.7,  -5.4,  -7.1,  -7.7,  -6.9,  -5.4,  -3.1,  -2.2,  -1.8,  -1.7,  -1.8,  -1.9,  -2.2,  -1.3,  -2.2,  -4.4,  -6.6,  -7.5,  -6.6,  -4.4,  329.6,  331.2,  331.5,  330.4,  328.5,  327.0,  326.6,  327.7,  332.6,  330.9,  329.2,  328.4,  328.6,  329.3,  330.0,  328.0,  326.3,  326.0,  327.4,  329.9,  329.2,  328.7,  328.9,  329.6,  330.4,  330.9,  330.7,  330.1,  303.3,  304.9,  306.1,  306.4,  305.5,  303.9,  302.6,  302.5,  303.4,  303.1,  303.1,  303.5,  305.0,  307.4,  309.5,  306.8,  303.9,  301.9,  301.5,  302.3,  304.2,  304.3,  305.0,  305.8,  306.2,  306.1,  305.5,  304.7,  1.9,  32.8,  338.6,  -0.189,  0.041,  0.006,  462.4,  463.2,  468.9,  478.7,  496.1,  523.5,  557.8,  598.1,  644.5,  690.5,  732.1,  768.7,  797.7,  815.0,  823.6,  830.1,  833.8,  496.1,  515.5,  544.4,  575.2,  604.8,  684.1,  717.3,  748.1,  776.9,  796.6,  644.1,  643.9,  643.5,  643.0,  609.6,  626.4,  643.4,  661.0,  677.4,  533.3,  552.7,  575.9,  595.0,  575.4,  552.7,  695.4,  714.6,  738.1,  757.0,  739.3,  716.8,  581.3,  603.7,  627.1,  643.6,  661.7,  687.4,  709.5,  688.2,  664.1,  644.4,  626.1,  603.5,  592.9,  626.7,  643.6,  662.0,  698.7,  662.0,  643.4,  626.3,  372.3,  420.3,  468.0,  513.1,  552.8,  587.4,  613.3,  633.6,  641.2,  638.7,  623.4,  598.7,  564.1,  519.1,  468.4,  415.8,  364.1,  326.1,  302.9,  293.0,  293.8,  299.0,  298.3,  291.0,  290.7,  300.1,  320.8,  338.1,  365.7,  393.1,  421.6,  450.8,  455.9,  460.1,  455.9,  451.7,  352.8,  340.9,  339.7,  351.0,  356.7,  358.0,  350.6,  338.6,  340.1,  351.0,  356.6,  355.9,  523.6,  503.2,  494.0,  498.3,  494.2,  505.1,  523.0,  541.0,  547.5,  548.6,  546.8,  539.5,  522.5,  514.0,  515.1,  513.8,  522.4,  520.4,  521.2,  519.5,  -80.7,  -80.1,  -77.6,  -72.6,  -63.5,  -49.9,  -33.7,  -16.5,  1.8,  20.1,  38.3,  55.2,  69.0,  77.1,  80.6,  83.2,  85.1,  -60.2,  -51.3,  -38.8,  -25.9,  -13.8,  17.2,  30.6,  43.2,  55.0,  63.3,  1.6,  1.5,  1.3,  1.1,  -11.5,  -5.1,  1.3,  7.9,  14.1,  -43.5,  -35.4,  -25.8,  -18.1,  -25.9,  -35.2,  22.0,  29.7,  39.0,  46.8,  39.4,  30.4,  -22.9,  -13.7,  -4.8,  1.3,  8.0,  17.8,  26.8,  18.1,  8.9,  1.6,  -5.2,  -13.8,  -18.3,  -5.0,  1.3,  8.2,  22.5,  8.2,  1.3,  -5.1,  5.6,  27.3,  49.0,  69.0,  85.1,  97.4,  103.8,  107.6,  109.7,  110.9,  109.4,  102.4,  89.3,  70.1,  47.6,  24.4,  1.8,  -14.2,  -23.5,  -27.2,  -26.4,  -24.0,  -24.1,  -27.3,  -27.7,  -24.0,  -15.8,  -8.5,  2.2,  12.2,  22.3,  34.3,  35.9,  37.3,  35.9,  34.5,  -2.9,  -7.7,  -8.2,  -3.6,  -1.3,  -0.8,  -3.7,  -8.5,  -7.9,  -3.6,  -1.3,  -1.6,  63.8,  54.0,  49.8,  51.2,  49.6,  54.5,  62.8,  67.9,  69.3,  69.6,  69.4,  67.8,  62.9,  57.6,  57.7,  57.2,  62.2,  59.6,  59.9,  59.6,  397.7,  396.6,  396.6,  394.0,  386.0,  374.6,  358.6,  344.2,  341.2,  348.3,  363.4,  375.2,  382.8,  385.3,  384.3,  382.9,  384.2,  366.2,  360.4,  355.2,  349.5,  343.5,  342.0,  345.9,  349.5,  351.3,  353.8,  338.7,  331.5,  323.9,  316.8,  330.3,  327.9,  326.0,  327.4,  329.1,  357.0,  354.3,  352.7,  351.2,  351.1,  352.9,  348.5,  347.7,  348.2,  350.2,  347.3,  347.0,  341.5,  330.0,  325.4,  323.8,  323.7,  328.9,  337.4,  328.4,  323.6,  323.2,  324.9,  330.5,  338.8,  327.2,  325.7,  325.6,  335.0,  325.1,  324.9,  326.7,  2.517,  -0.053,  0.053,  0.005,  645.269,  447.184,  -10.327,  -1.686,  -18.003,  -5.125,  -7.758,  -2.339,  2.194,  1.003,  6.775,  -6.880,  -6.242,  -6.630,  9.170,  -5.390,  0.883,  0.961,  1.811,  -0.186,  0.111,  -4.603,  1.014,  -1.130,  1.040,  0.506,  -0.612,  1.233,  -0.733,  -0.301,  -0.430,  -0.266,  0.389,  -0.722,  0.191,  0.364, 0.13, 0.00, 0.00, 0.00, 0.00, 0.64, 0.00, 0.00, 0.00, 0.00, 0.00, 0.42, 0.00, 0.09, 0.54, 0.91, 0.00, 0.00, 0.00, 0.00, 1.00, 0.00, 0.00, 0.00, 0.00, 0.00, 0.00, 0.00, 0.00, 0.00, 0.00, 0.00, 0.00, 0.00, 0.00
81,  0,  2.669,  0.98,  1,  0.033741,  -0.052759,  -0.998037,  -0.153736,  0.049927,  -0.986850,  -0.060,  -0.001,  548.3,  553.2,  564.7,  576.3,  581.0,  577.1,  564.6,  553.1,  536.8,  543.3,  552.7,  564.7,  577.0,  586.5,  592.9,  585.7,  574.8,  562.8,  552.0,  542.9,  559.8,  564.9,  570.1,  572.2,  570.1,  565.0,  559.8,  557.7,  705.7,  710.5,  723.0,  735.9,  741.6,  736.8,  724.3,  710.4,  696.8,  704.0,  714.2,  727.5,  739.7,  748.7,  755.0,  749.0,  740.9,  730.3,  717.6,  705.9,  717.0,  723.5,  729.7,  732.1,  729.2,  722.8,  716.5,  714.1,  345.5,  334.7,  329.8,  333.7,  344.1,  355.9,  359.8,  355.9,  352.9,  346.0,  341.3,  338.8,  340.4,  344.8,  351.2,  354.7,  355.5,  356.4,  356.7,  356.0,  350.8,  352.5,  350.3,  345.5,  340.9,  339.2,  341.4,  346.2,  346.5,  333.7,  328.4,  333.9,  346.9,  359.7,  364.9,  360.5,  351.8,  344.1,  339.4,  337.8,  340.1,  344.4,  351.0,  353.4,  354.6,  355.1,  354.8,  354.1,  353.7,  356.4,  353.8,  347.4,  340.9,  338.2,  340.8,  347.3,  -34.5,  -32.8,  -28.5,  -24.0,  -22.1,  -23.4,  -28.0,  -32.5,  -39.1,  -36.5,  -32.8,  -28.2,  -23.6,  -20.1,  -17.7,  -20.3,  -24.2,  -28.7,  -32.8,  -36.5,  -30.1,  -28.1,  -26.2,  -25.5,  -26.3,  -28.3,  -30.2,  -31.0,  22.7,  24.5,  28.9,  33.5,  35.4,  33.6,  29.1,  24.3,  19.6,  22.1,  25.6,  30.3,  34.7,  38.1,  40.6,  38.2,  35.0,  31.1,  26.7,  22.7,  26.7,  29.0,  31.2,  32.1,  31.1,  28.9,  26.6,  25.7,  -5.4,  -9.6,  -11.4,  -9.9,  -6.0,  -1.5,  -0.1,  -1.5,  -2.7,  -5.3,  -7.0,  -8.0,  -7.4,  -5.7,  -3.3,  -2.0,  -1.7,  -1.4,  -1.2,  -1.5,  -3.5,  -2.8,  -3.6,  -5.4,  -7.2,  -7.9,  -7.0,  -5.2,  -4.7,  -9.1,  -11.0,  -9.1,  -4.6,  -0.1,  1.7,  0.2,  -2.8,  -5.5,  -7.1,  -7.7,  -6.9,  -5.5,  -3.2,  -2.3,  -1.9,  -1.7,  -1.8,  -2.0,  -2.2,  -1.2,  -2.1,  -4.4,  -6.7,  -7.6,  -6.7,  -4.4,  328.9,  330.6,  330.9,  329.6,  327.6,  325.9,  325.5,  326.8,  331.7,  330.2,  328.5,  327.6,  327.8,  328.2,  328.8,  326.8,  325.2,  324.9,  326.5,  329.0,  328.3,  327.8,  327.9,  328.7,  329.6,  330.2,  330.0,  329.3,  302.2,  303.6,  304.9,  305.4,  304.8,  303.4,  302.1,  301.8,  302.4,  302.0,  302.0,  302.6,  304.3,  306.8,  309.0,  306.3,  303.4,  301.2,  300.7,  301.4,  303.4,  303.6,  304.3,  305.0,  305.3,  305.1,  304.4,  303.7,  1.9,  32.5,  339.3,  -0.193,  0.038,  0.007,  462.2,  463.1,  468.7,  478.4,  495.4,  522.4,  556.6,  596.9,  643.7,  690.2,  732.2,  769.0,  798.0,  815.1,  823.5,  830.0,  833.8,  496.0,  515.4,  544.4,  575.4,  605.2,  683.6,  716.8,  747.7,  776.7,  796.6,  644.1,  643.9,  643.5,  642.9,  609.5,  626.3,  643.5,  661.1,  677.5,  533.5,  552.8,  576.0,  595.0,  575.6,  552.8,  695.6,  714.7,  738.1,  757.1,  739.3,  716.9,  581.9,  604.9,  628.0,  644.0,  661.6,  686.9,  709.4,  687.8,  664.0,  644.9,  627.1,  604.7,  593.2,  627.5,  644.0,  661.8,  698.7,  661.9,  643.9,  627.3,  373.5,  421.1,  468.3,  512.8,  551.7,  585.4,  609.9,  629.5,  637.0,  635.1,  621.1,  597.6,  563.6,  518.9,  468.4,  416.2,  364.8,  326.2,  302.9,  293.0,  293.8,  299.0,  298.4,  291.0,  290.7,  299.9,  320.7,  337.9,  365.6,  393.0,  421.5,  450.2,  455.5,  459.7,  455.5,  451.1,  352.7,  340.7,  339.6,  350.8,  356.5,  357.8,  350.5,  338.3,  339.9,  350.9,  356.4,  355.7,  522.3,  503.0,  494.2,  498.4,  494.4,  504.8,  521.7,  538.1,  543.9,  544.9,  543.3,  536.8,  521.3,  513.3,  514.3,  513.1,  521.1,  518.0,  518.8,  517.2,  -81.1,  -80.4,  -77.8,  -72.9,  -63.9,  -50.5,  -34.2,  -17.0,  1.4,  20.0,  38.4,  55.5,  69.5,  77.5,  81.1,  83.7,  85.7,  -60.5,  -51.5,  -38.9,  -25.9,  -13.7,  17.1,  30.4,  43.2,  55.1,  63.6,  1.6,  1.5,  1.3,  1.1,  -11.5,  -5.1,  1.3,  7.9,  14.2,  -43.6,  -35.4,  -25.9,  -18.1,  -25.9,  -35.3,  22.2,  29.8,  39.2,  47.0,  39.6,  30.6,  -22.7,  -13.3,  -4.5,  1.5,  8.0,  17.7,  26.9,  18.0,  8.9,  1.8,  -4.8,  -13.4,  -18.2,  -4.7,  1.5,  8.1,  22.6,  8.1,  1.4,  -4.8,  6.2,  27.8,  49.1,  68.9,  84.8,  96.7,  102.6,  106.1,  108.1,  109.6,  108.7,  102.3,  89.5,  70.4,  47.9,  24.8,  2.1,  -14.2,  -23.6,  -27.3,  -26.5,  -24.0,  -24.1,  -27.3,  -27.8,  -24.2,  -15.9,  -8.6,  2.1,  12.2,  22.3,  34.1,  35.8,  37.2,  35.8,  34.4,  -3.0,  -7.8,  -8.3,  -3.7,  -1.4,  -0.9,  -3.8,  -8.6,  -8.0,  -3.7,  -1.4,  -1.7,  63.5,  54.1,  50.1,  51.4,  49.9,  54.7,  62.6,  67.0,  68.1,  68.4,  68.1,  66.9,  62.6,  57.5,  57.6,  57.1,  61.9,  58.8,  59.1,  58.8,  399.1,  397.6,  397.2,  394.6,  386.8,  375.5,  359.3,  344.5,  341.4,  348.6,  364.4,  376.7,  384.8,  387.5,  386.6,  385.3,  386.9,  367.6,  361.6,  356.3,  350.4,  344.1,  342.8,  346.8,  350.6,  352.5,  355.1,  339.6,  332.4,  324.7,  317.4,  330.9,  328.5,  326.6,  328.1,  329.9,  358.2,  355.4,  353.8,  352.4,  352.2,  354.0,  349.6,  348.8,  349.4,  351.6,  348.5,  348.2,  342.3,  331.1,  326.5,  324.9,  324.9,  330.3,  338.8,  329.2,  324.1,  323.6,  325.3,  331.1,  339.7,  328.0,  326.6,  326.5,  336.2,  325.7,  325.5,  327.3,  2.509,  -0.057,  0.048,  0.005,  645.297,  446.374,  -6.941,  -3.076,  -18.931,  -6.354,  -6.812,  -0.564,  1.721,  0.968,  6.687,  -5.522,  -5.954,  -6.575,  8.880,  -5.945,  0.744,  0.793,  2.538,  -0.753,  -0.396,  -3.875,  1.675,  -0.695,  0.921,  0.304,  -0.456,  1.429,  -0.821,  -0.386,  -0.453,  -0.254,  0.421,  -0.757,  0.147,  0.348, 0.07, 0.00, 0.00, 0.01, 0.00, 0.52, 0.00, 0.00, 0.00, 0.00, 0.00, 0.52, 0.00, 0.20, 0.16, 0.65, 0.00, 0.00, 0.00, 0.00, 1.00, 0.00, 0.00, 0.00, 0.00, 0.00, 0.00, 0.00, 0.00, 0.00, 0.00, 0.00, 0.00, 0.00, 0.00
82,  0,  2.703,  0.98,  1,  0.031639,  -0.058132,  -0.997807,  -0.155069,  0.044033,  -0.986922,  -0.062,  -0.007,  548.4,  553.2,  564.8,  576.3,  581.1,  577.2,  564.8,  553.2,  536.8,  543.3,  552.8,  564.8,  577.2,  586.7,  593.1,  586.0,  575.1,  563.1,  552.3,  543.0,  560.0,  565.0,  570.1,  572.2,  570.1,  565.0,  559.9,  557.9,  705.8,  710.7,  723.2,  736.1,  741.8,  736.9,  724.4,  710.5,  697.2,  704.3,  714.3,  727.6,  739.8,  748.9,  755.3,  749.2,  740.9,  730.3,  717.7,  706.1,  717.2,  723.7,  730.0,  732.4,  729.5,  723.0,  716.7,  714.3,  345.1,  334.3,  329.4,  333.3,  343.7,  355.5,  359.3,  355.5,  352.8,  345.8,  341.0,  338.3,  339.9,  344.4,  350.9,  354.4,  355.2,  356.0,  356.4,  355.8,  350.3,  352.0,  349.8,  345.1,  340.5,  338.8,  341.0,  345.7,  346.2,  333.5,  328.3,  333.7,  346.4,  359.1,  364.3,  360.0,  351.6,  343.8,  339.1,  337.5,  339.8,  344.1,  350.9,  353.3,  354.4,  354.8,  354.5,  353.9,  353.3,  356.0,  353.4,  347.0,  340.6,  337.9,  340.5,  346.9,  -34.3,  -32.7,  -28.4,  -23.9,  -22.0,  -23.3,  -27.9,  -32.3,  -39.0,  -36.4,  -32.7,  -28.1,  -23.5,  -20.0,  -17.6,  -20.2,  -24.1,  -28.5,  -32.7,  -36.4,  -30.0,  -28.0,  -26.1,  -25.4,  -26.3,  -28.2,  -30.1,  -30.8,  22.9,  24.7,  29.2,  33.8,  35.7,  33.9,  29.4,  24.5,  20.0,  22.4,  25.9,  30.5,  35.0,  38.5,  41.0,  38.5,  35.3,  31.4,  26.9,  23.0,  27.0,  29.3,  31.5,  32.5,  31.5,  29.2,  26.9,  26.0,  -5.6,  -9.7,  -11.5,  -10.0,  -6.1,  -1.7,  -0.2,  -1.7,  -2.7,  -5.4,  -7.1,  -8.1,  -7.5,  -5.8,  -3.4,  -2.1,  -1.8,  -1.5,  -1.3,  -1.6,  -3.6,  -3.0,  -3.8,  -5.6,  -7.3,  -8.0,  -7.2,  -5.4,  -4.8,  -9.3,  -11.1,  -9.3,  -4.8,  -0.3,  1.5,  0.0,  -2.9,  -5.6,  -7.3,  -7.8,  -7.1,  -5.6,  -3.2,  -2.4,  -2.0,  -1.8,  -1.9,  -2.1,  -2.3,  -1.4,  -2.3,  -4.6,  -6.8,  -7.8,  -6.8,  -4.6,  328.2,  329.9,  330.3,  329.1,  327.0,  325.4,  324.9,  326.1,  331.0,  329.4,  327.8,  327.0,  327.2,  327.7,  328.3,  326.3,  324.6,  324.3,  325.7,  328.3,  327.7,  327.2,  327.3,  328.1,  329.0,  329.5,  329.4,  328.6,  304.9,  306.3,  307.5,  307.8,  307.0,  305.7,  304.5,  304.3,  305.1,  304.8,  304.7,  305.2,  306.6,  309.0,  311.1,  308.5,  305.7,  303.7,  303.2,  304.0,  305.9,  306.0,  306.7,  307.4,  307.7,  307.6,  307.0,  306.3,  2.0,  32.3,  339.5,  -0.193,  0.037,  0.007,  462.3,  463.1,  468.5,  478.0,  494.8,  521.7,  556.5,  597.6,  644.9,  691.5,  733.1,  769.5,  798.2,  815.2,  823.5,  830.1,  834.0,  496.2,  515.6,  544.3,  575.1,  604.8,  684.3,  717.6,  748.4,  777.2,  797.1,  644.3,  644.1,  643.7,  643.2,  609.7,  626.5,  643.7,  661.4,  677.8,  533.7,  553.0,  576.1,  595.2,  575.7,  553.0,  695.8,  714.9,  738.3,  757.2,  739.5,  717.1,  581.9,  605.2,  628.3,  644.1,  661.5,  686.8,  709.7,  687.7,  663.9,  645.1,  627.6,  605.1,  593.2,  627.8,  644.1,  661.7,  699.0,  661.7,  644.0,  627.7,  373.8,  420.8,  467.3,  511.3,  550.1,  583.8,  608.4,  627.7,  635.0,  632.9,  619.4,  596.6,  563.1,  518.9,  468.8,  416.9,  365.7,  325.7,  302.6,  292.8,  293.5,  298.4,  297.8,  290.7,  290.5,  299.9,  320.6,  337.6,  365.5,  393.0,  421.6,  449.9,  455.2,  459.5,  455.2,  450.8,  352.4,  340.4,  339.2,  350.5,  356.2,  357.5,  350.2,  338.0,  339.6,  350.7,  356.2,  355.5,  521.4,  502.7,  494.3,  498.3,  494.4,  504.5,  520.8,  536.5,  541.8,  542.7,  541.2,  535.2,  520.4,  512.8,  513.8,  512.5,  520.3,  516.6,  517.3,  515.8,  -81.2,  -80.5,  -77.9,  -73.1,  -64.3,  -50.8,  -34.3,  -16.7,  1.9,  20.5,  38.8,  55.8,  69.7,  77.7,  81.3,  83.8,  85.9,  -60.5,  -51.5,  -39.0,  -26.0,  -13.8,  17.4,  30.8,  43.5,  55.3,  63.9,  1.7,  1.6,  1.4,  1.2,  -11.5,  -5.1,  1.4,  8.0,  14.3,  -43.6,  -35.4,  -25.9,  -18.1,  -25.9,  -35.2,  22.3,  29.9,  39.3,  47.2,  39.7,  30.7,  -22.8,  -13.2,  -4.4,  1.5,  8.0,  17.7,  27.0,  18.0,  8.9,  1.9,  -4.6,  -13.2,  -18.2,  -4.6,  1.5,  8.1,  22.7,  8.1,  1.5,  -4.6,  6.3,  27.7,  48.8,  68.3,  84.1,  96.2,  102.1,  105.4,  107.3,  108.7,  108.1,  102.0,  89.5,  70.5,  48.2,  25.1,  2.5,  -14.4,  -23.7,  -27.4,  -26.6,  -24.2,  -24.4,  -27.5,  -27.9,  -24.2,  -16.0,  -8.7,  2.1,  12.2,  22.4,  34.0,  35.8,  37.2,  35.7,  34.2,  -3.1,  -8.0,  -8.4,  -3.8,  -1.5,  -1.0,  -3.9,  -8.8,  -8.2,  -3.7,  -1.5,  -1.8,  63.2,  54.1,  50.2,  51.4,  50.0,  54.6,  62.4,  66.5,  67.4,  67.6,  67.4,  66.3,  62.4,  57.4,  57.5,  57.0,  61.7,  58.3,  58.6,  58.3,  399.9,  398.3,  397.7,  395.0,  387.3,  376.0,  359.6,  344.5,  341.3,  348.6,  364.8,  377.2,  385.5,  388.3,  387.4,  385.9,  387.5,  367.9,  361.9,  356.6,  350.6,  344.2,  342.8,  347.0,  350.8,  352.9,  355.7,  339.7,  332.6,  324.8,  317.5,  331.1,  328.7,  326.9,  328.4,  330.1,  358.5,  355.9,  354.2,  352.9,  352.6,  354.4,  349.9,  349.2,  349.9,  352.1,  348.9,  348.5,  342.9,  331.6,  326.9,  325.4,  325.3,  330.8,  339.5,  329.5,  324.2,  323.7,  325.4,  331.3,  340.2,  328.4,  327.0,  326.9,  336.8,  326.0,  325.7,  327.5,  2.507,  -0.058,  0.047,  0.006,  645.490,  445.753,  -5.220,  -3.046,  -19.204,  -7.391,  -6.203,  0.356,  1.105,  1.634,  6.738,  -4.775,  -6.254,  -6.672,  8.608,  -6.590,  1.181,  1.191,  2.749,  -0.154,  -0.560,  -3.599,  1.498,  -0.482,  0.753,  0.069,  -0.799,  1.588,  -0.827,  -0.372,  -0.456,  -0.315,  0.456,  -0.734,  0.141,  0.379, 0.07, 0.00, 0.00, 0.07, 0.00, 0.36, 0.00, 0.00, 0.00, 0.00, 0.05, 0.62, 0.00, 0.33, 0.02, 0.42, 0.00, 0.00, 0.00, 0.00, 1.00, 0.00, 0.00, 0.00, 0.00, 0.00, 0.00, 0.00, 1.00, 0.00, 0.00, 0.00, 0.00, 0.00, 0.00
83,  0,  2.736,  0.98,  1,  0.028483,  -0.056486,  -0.997997,  -0.160455,  0.036560,  -0.986366,  -0.066,  -0.010,  548.6,  553.4,  564.9,  576.4,  581.2,  577.3,  564.9,  553.4,  537.2,  543.6,  553.0,  565.1,  577.5,  587.0,  593.3,  586.2,  575.3,  563.2,  552.5,  543.3,  560.2,  565.2,  570.2,  572.2,  570.2,  565.2,  560.2,  558.1,  706.1,  710.9,  723.5,  736.4,  742.1,  737.3,  724.7,  710.9,  698.0,  704.9,  714.9,  728.0,  740.1,  749.3,  755.9,  749.7,  741.3,  730.6,  718.1,  706.7,  717.6,  724.1,  730.4,  732.8,  729.9,  723.4,  717.1,  714.7,  344.7,  333.8,  328.8,  332.8,  343.3,  355.2,  359.2,  355.2,  352.2,  345.2,  340.6,  338.0,  339.6,  344.1,  350.5,  354.0,  354.8,  355.7,  356.0,  355.2,  349.8,  351.5,  349.4,  344.6,  340.1,  338.4,  340.5,  345.3,  345.8,  333.2,  328.1,  333.3,  345.8,  358.4,  363.5,  359.4,  351.1,  343.4,  338.8,  337.3,  339.6,  343.9,  350.5,  353.0,  354.1,  354.5,  354.1,  353.5,  352.9,  355.5,  352.9,  346.6,  340.3,  337.6,  340.3,  346.6,  -34.4,  -32.8,  -28.4,  -24.0,  -22.1,  -23.4,  -28.0,  -32.4,  -39.1,  -36.5,  -32.7,  -28.1,  -23.5,  -19.9,  -17.6,  -20.2,  -24.1,  -28.6,  -32.8,  -36.5,  -30.0,  -28.1,  -26.2,  -25.5,  -26.4,  -28.3,  -30.2,  -30.9,  23.2,  25.0,  29.6,  34.1,  36.1,  34.2,  29.7,  24.8,  20.4,  22.8,  26.3,  30.9,  35.3,  38.8,  41.4,  38.9,  35.6,  31.6,  27.2,  23.3,  27.3,  29.6,  31.9,  32.8,  31.8,  29.5,  27.3,  26.3,  -5.8,  -9.9,  -11.8,  -10.3,  -6.3,  -1.8,  -0.3,  -1.8,  -3.0,  -5.6,  -7.3,  -8.2,  -7.6,  -6.0,  -3.6,  -2.3,  -1.9,  -1.6,  -1.5,  -1.8,  -3.8,  -3.2,  -4.0,  -5.8,  -7.5,  -8.2,  -7.4,  -5.6,  -5.0,  -9.4,  -11.3,  -9.5,  -5.0,  -0.6,  1.2,  -0.2,  -3.1,  -5.8,  -7.4,  -8.0,  -7.2,  -5.7,  -3.4,  -2.5,  -2.1,  -1.9,  -2.0,  -2.3,  -2.5,  -1.6,  -2.5,  -4.7,  -7.0,  -7.9,  -7.0,  -4.7,  329.6,  331.2,  331.5,  330.3,  328.3,  326.8,  326.4,  327.6,  332.5,  330.9,  329.1,  328.3,  328.5,  329.1,  329.7,  327.8,  326.2,  325.9,  327.4,  329.9,  329.1,  328.6,  328.7,  329.4,  330.3,  330.8,  330.7,  330.0,  307.2,  308.7,  309.8,  309.9,  308.9,  307.4,  306.3,  306.3,  307.4,  307.1,  307.0,  307.3,  308.6,  310.8,  312.7,  310.2,  307.5,  305.5,  305.2,  306.2,  307.9,  308.0,  308.5,  309.3,  309.8,  309.8,  309.2,  308.4,  2.1,  32.2,  339.8,  -0.193,  0.034,  0.009,  462.1,  462.9,  468.2,  477.6,  494.2,  520.8,  555.5,  596.6,  644.2,  691.3,  733.4,  770.0,  798.7,  815.5,  823.6,  830.2,  834.1,  496.8,  516.3,  544.8,  575.5,  605.1,  685.2,  718.4,  749.1,  777.6,  797.3,  644.8,  644.7,  644.2,  643.7,  610.1,  626.9,  644.1,  661.8,  678.2,  534.0,  553.3,  576.4,  595.3,  576.0,  553.4,  696.4,  715.4,  738.7,  757.7,  739.9,  717.6,  581.9,  605.5,  628.7,  644.5,  661.9,  687.3,  710.3,  688.2,  664.2,  645.4,  627.9,  605.3,  593.1,  628.1,  644.4,  662.1,  699.7,  662.1,  644.4,  628.0,  373.4,  420.1,  466.3,  510.0,  548.4,  581.9,  606.1,  625.6,  633.3,  631.7,  618.6,  596.0,  562.6,  518.5,  468.6,  416.9,  366.0,  325.1,  302.3,  292.6,  293.2,  297.9,  297.4,  290.5,  290.4,  299.9,  320.4,  337.2,  365.2,  392.8,  421.6,  449.5,  455.0,  459.3,  455.0,  450.6,  352.0,  340.0,  338.8,  350.1,  355.7,  357.0,  349.9,  337.8,  339.4,  350.5,  355.9,  355.1,  520.6,  502.2,  494.1,  498.1,  494.1,  504.2,  520.3,  535.8,  540.9,  541.8,  540.2,  534.2,  519.7,  512.5,  513.5,  512.1,  519.8,  516.0,  516.6,  515.1,  -81.3,  -80.6,  -78.1,  -73.3,  -64.6,  -51.2,  -34.8,  -17.1,  1.6,  20.5,  39.0,  56.1,  70.1,  78.0,  81.5,  84.0,  86.2,  -60.2,  -51.2,  -38.8,  -25.9,  -13.7,  17.7,  31.1,  43.8,  55.6,  64.0,  1.9,  1.8,  1.6,  1.3,  -11.3,  -4.9,  1.5,  8.2,  14.4,  -43.4,  -35.3,  -25.8,  -18.0,  -25.8,  -35.1,  22.6,  30.1,  39.5,  47.4,  39.9,  30.9,  -22.8,  -13.1,  -4.2,  1.7,  8.2,  17.9,  27.3,  18.2,  9.0,  2.0,  -4.5,  -13.1,  -18.2,  -4.5,  1.7,  8.3,  23.0,  8.2,  1.6,  -4.5,  6.1,  27.4,  48.3,  67.7,  83.4,  95.4,  101.2,  104.6,  106.6,  108.3,  108.0,  101.9,  89.4,  70.5,  48.2,  25.1,  2.6,  -14.7,  -23.9,  -27.5,  -26.8,  -24.4,  -24.6,  -27.6,  -27.9,  -24.3,  -16.1,  -8.9,  2.0,  12.2,  22.4,  33.9,  35.7,  37.1,  35.7,  34.2,  -3.3,  -8.1,  -8.6,  -4.0,  -1.7,  -1.2,  -4.1,  -8.9,  -8.3,  -3.8,  -1.7,  -1.9,  63.0,  54.0,  50.1,  51.4,  49.9,  54.6,  62.3,  66.3,  67.1,  67.3,  67.1,  66.0,  62.2,  57.3,  57.4,  56.9,  61.6,  58.1,  58.3,  58.1,  399.9,  398.2,  397.6,  395.0,  387.5,  376.3,  359.9,  344.7,  341.4,  348.8,  365.2,  377.9,  386.4,  389.1,  388.1,  386.7,  388.4,  367.9,  361.9,  356.8,  350.8,  344.4,  343.2,  347.6,  351.4,  353.2,  356.0,  340.0,  332.9,  325.1,  317.8,  331.4,  329.0,  327.2,  328.7,  330.4,  358.6,  356.0,  354.3,  353.1,  352.7,  354.5,  350.3,  349.6,  350.2,  352.5,  349.3,  349.0,  343.3,  331.9,  327.3,  325.7,  325.7,  331.3,  340.1,  329.8,  324.4,  323.9,  325.6,  331.6,  340.6,  328.7,  327.3,  327.2,  337.4,  326.1,  325.9,  327.7,  2.504,  -0.057,  0.042,  0.008,  645.745,  445.204,  -4.661,  -3.672,  -19.439,  -8.326,  -6.346,  0.624,  0.554,  1.809,  6.823,  -3.895,  -6.296,  -6.489,  8.839,  -6.819,  1.057,  1.223,  3.220,  -0.212,  -0.579,  -3.734,  1.803,  -0.001,  0.998,  0.234,  -0.669,  1.665,  -0.867,  -0.501,  -0.416,  -0.237,  0.407,  -0.802,  0.150,  0.359, 0.00, 0.00, 0.00, 0.07, 0.00, 0.36, 0.00, 0.00, 0.00, 0.00, 0.17, 0.68, 0.02, 0.34, 0.00, 0.24, 0.00, 0.00, 0.00, 0.00, 1.00, 0.00, 0.00, 0.00, 0.00, 0.00, 0.00, 0.00, 1.00, 0.00, 0.00, 0.00, 0.00, 0.00, 0.00
84,  0,  2.769,  0.98,  1,  0.033545,  -0.063985,  -0.997387,  -0.151692,  0.033802,  -0.987850,  -0.059,  -0.015,  549.1,  554.0,  565.6,  577.1,  581.7,  577.8,  565.3,  553.8,  537.6,  543.9,  553.4,  565.4,  577.8,  587.3,  593.7,  586.5,  575.6,  563.7,  552.9,  543.7,  560.7,  565.6,  570.7,  572.8,  570.7,  565.7,  560.7,  558.6,  706.8,  711.5,  724.0,  736.9,  742.6,  737.9,  725.4,  711.6,  698.2,  705.1,  715.0,  728.2,  740.5,  749.6,  756.1,  749.9,  741.6,  731.0,  718.5,  707.0,  718.1,  724.7,  731.1,  733.5,  730.5,  723.9,  717.6,  715.2,  344.2,  333.2,  328.4,  332.5,  343.1,  355.1,  358.9,  354.9,  351.8,  345.0,  340.3,  337.8,  339.4,  343.9,  350.3,  353.8,  354.7,  355.5,  355.7,  354.9,  349.4,  351.2,  349.1,  344.3,  339.7,  338.0,  340.1,  344.8,  345.9,  333.3,  328.1,  333.3,  345.9,  358.5,  363.7,  359.6,  351.2,  343.4,  338.8,  337.3,  339.7,  344.0,  350.8,  353.2,  354.3,  354.7,  354.3,  353.6,  353.1,  355.7,  353.0,  346.6,  340.2,  337.5,  340.2,  346.6,  -34.2,  -32.5,  -28.2,  -23.7,  -21.8,  -23.2,  -27.8,  -32.2,  -38.9,  -36.3,  -32.6,  -28.0,  -23.3,  -19.8,  -17.4,  -20.0,  -24.0,  -28.4,  -32.6,  -36.3,  -29.8,  -27.9,  -26.0,  -25.3,  -26.1,  -28.0,  -29.9,  -30.7,  23.4,  25.2,  29.7,  34.2,  36.2,  34.3,  29.8,  25.0,  20.4,  22.8,  26.2,  30.9,  35.3,  38.8,  41.4,  38.9,  35.6,  31.7,  27.3,  23.4,  27.4,  29.7,  32.0,  33.0,  32.0,  29.6,  27.3,  26.4,  -5.9,  -10.1,  -12.0,  -10.4,  -6.3,  -1.8,  -0.4,  -1.9,  -3.1,  -5.7,  -7.4,  -8.3,  -7.7,  -6.1,  -3.6,  -2.3,  -2.0,  -1.7,  -1.6,  -1.9,  -4.0,  -3.3,  -4.1,  -5.9,  -7.6,  -8.3,  -7.5,  -5.7,  -4.9,  -9.4,  -11.3,  -9.4,  -5.0,  -0.5,  1.3,  -0.1,  -3.1,  -5.8,  -7.4,  -7.9,  -7.2,  -5.7,  -3.3,  -2.4,  -2.0,  -1.9,  -2.0,  -2.2,  -2.4,  -1.5,  -2.4,  -4.7,  -7.0,  -7.9,  -7.0,  -4.7,  329.4,  330.9,  331.1,  330.0,  328.1,  326.7,  326.3,  327.5,  332.3,  330.7,  328.8,  328.0,  328.2,  328.8,  329.5,  327.6,  326.0,  325.7,  327.2,  329.7,  328.9,  328.4,  328.5,  329.2,  330.0,  330.5,  330.4,  329.8,  306.3,  307.8,  309.0,  309.2,  308.3,  306.8,  305.6,  305.6,  306.5,  306.2,  306.1,  306.5,  307.8,  310.1,  312.1,  309.5,  306.8,  304.8,  304.5,  305.4,  307.2,  307.3,  307.9,  308.7,  309.1,  309.0,  308.4,  307.6,  2.1,  32.1,  340.3,  -0.194,  0.033,  0.011,  462.3,  463.2,  468.4,  477.5,  493.8,  520.3,  554.8,  595.8,  643.7,  691.1,  733.4,  770.1,  798.8,  815.4,  823.6,  830.1,  834.2,  496.9,  516.6,  545.4,  576.2,  606.1,  685.4,  718.7,  749.4,  778.1,  797.7,  645.5,  645.3,  644.7,  644.2,  610.1,  627.1,  644.4,  662.2,  678.7,  534.4,  553.7,  576.8,  595.7,  576.3,  553.7,  696.7,  715.7,  739.0,  757.9,  740.2,  717.9,  581.1,  605.0,  628.4,  644.4,  662.1,  687.6,  710.7,  688.3,  664.2,  645.0,  627.3,  604.6,  592.3,  627.8,  644.3,  662.3,  700.1,  662.3,  644.2,  627.6,  372.5,  419.6,  466.1,  510.0,  548.5,  581.7,  605.6,  624.4,  631.9,  630.3,  617.6,  595.3,  562.1,  518.2,  468.7,  417.4,  366.9,  325.2,  302.2,  292.3,  292.9,  297.7,  297.3,  290.5,  290.5,  299.9,  320.5,  337.1,  365.1,  392.8,  421.5,  449.3,  454.7,  459.1,  454.9,  450.4,  351.8,  339.8,  338.6,  350.1,  355.5,  356.8,  350.1,  337.8,  339.4,  350.6,  355.9,  355.2,  520.0,  501.6,  493.5,  497.6,  493.7,  503.8,  520.0,  535.2,  540.2,  541.1,  539.5,  533.6,  519.1,  511.7,  512.8,  511.5,  519.4,  515.6,  516.2,  514.7,  -81.4,  -80.6,  -78.1,  -73.4,  -64.8,  -51.6,  -35.1,  -17.4,  1.4,  20.3,  39.0,  56.2,  70.1,  78.1,  81.5,  84.2,  86.4,  -60.3,  -51.1,  -38.7,  -25.6,  -13.4,  17.8,  31.3,  44.0,  55.9,  64.3,  2.1,  2.0,  1.8,  1.5,  -11.3,  -4.9,  1.6,  8.4,  14.6,  -43.3,  -35.1,  -25.6,  -17.9,  -25.7,  -35.0,  22.7,  30.3,  39.7,  47.6,  40.1,  31.1,  -23.1,  -13.3,  -4.3,  1.7,  8.3,  18.0,  27.5,  18.3,  9.0,  1.9,  -4.7,  -13.5,  -18.6,  -4.6,  1.6,  8.4,  23.2,  8.3,  1.6,  -4.6,  5.7,  27.1,  48.3,  67.8,  83.6,  95.5,  101.1,  104.2,  106.1,  107.7,  107.5,  101.7,  89.3,  70.4,  48.3,  25.4,  3.1,  -14.7,  -23.9,  -27.6,  -26.9,  -24.5,  -24.6,  -27.7,  -28.0,  -24.3,  -16.1,  -8.9,  2.0,  12.2,  22.4,  33.9,  35.7,  37.1,  35.7,  34.2,  -3.4,  -8.2,  -8.7,  -4.0,  -1.8,  -1.3,  -4.0,  -8.9,  -8.3,  -3.8,  -1.6,  -1.9,  62.9,  53.8,  50.0,  51.3,  49.9,  54.6,  62.3,  66.1,  66.9,  67.1,  66.9,  65.9,  62.1,  57.1,  57.2,  56.7,  61.6,  58.1,  58.3,  58.1,  400.7,  398.9,  398.1,  395.4,  387.9,  376.8,  360.4,  344.9,  341.4,  348.7,  365.2,  378.0,  386.5,  389.3,  388.4,  387.3,  389.3,  368.4,  362.5,  357.3,  351.3,  344.7,  343.8,  348.2,  352.0,  354.0,  356.8,  340.6,  333.5,  325.8,  318.6,  332.1,  329.7,  327.7,  329.2,  330.9,  359.0,  356.3,  354.6,  353.4,  353.0,  354.8,  350.9,  350.2,  350.8,  353.0,  349.9,  349.5,  343.9,  332.7,  327.9,  326.3,  326.3,  332.0,  340.8,  330.5,  324.8,  324.4,  326.2,  332.3,  341.3,  329.2,  327.8,  327.7,  338.1,  326.7,  326.4,  328.3,  2.501,  -0.059,  0.042,  0.010,  645.838,  444.898,  -4.950,  -3.313,  -18.985,  -9.353,  -5.914,  0.791,  0.351,  1.544,  6.671,  -3.013,  -6.411,  -5.964,  8.735,  -5.798,  1.126,  1.760,  3.414,  -0.282,  -0.963,  -3.523,  1.970,  0.109,  1.047,  0.151,  -0.591,  1.526,  -0.880,  -0.539,  -0.486,  -0.313,  0.406,  -0.828,  0.070,  0.402, 0.00, 0.00, 0.00, 0.06, 0.00, 0.36, 0.00, 0.00, 0.00, 0.00, 0.24, 0.75, 0.04, 0.33, 0.00, 0.12, 0.00, 0.00, 0.00, 0.00, 1.00, 0.00, 0.00, 0.00, 0.00, 0.00, 0.00, 0.00, 1.00, 0.00, 0.00, 0.00, 0.00, 0.00, 0.00
85,  0,  2.803,  0.98,  1,  0.033017,  -0.061031,  -0.997590,  -0.148091,  0.032266,  -0.988447,  -0.058,  -0.014,  549.3,  554.4,  566.1,  577.7,  582.4,  578.2,  565.6,  554.0,  538.0,  544.5,  553.9,  565.8,  578.1,  587.8,  594.3,  586.9,  576.0,  564.1,  553.3,  544.2,  560.9,  566.0,  571.2,  573.5,  571.4,  566.3,  561.0,  558.8,  706.9,  711.7,  724.2,  737.2,  743.0,  738.2,  725.7,  711.7,  698.3,  705.3,  715.4,  728.5,  740.7,  749.8,  756.2,  750.1,  741.8,  731.2,  718.7,  707.2,  718.3,  724.9,  731.3,  733.7,  730.7,  724.1,  717.7,  715.3,  344.3,  333.3,  328.4,  332.6,  343.3,  355.4,  359.2,  355.1,  351.8,  345.0,  340.4,  337.9,  339.4,  344.0,  350.6,  353.9,  354.7,  355.4,  355.6,  354.8,  349.8,  351.7,  349.5,  344.6,  339.8,  338.0,  340.1,  345.0,  345.9,  333.2,  328.1,  333.4,  346.1,  358.8,  363.9,  359.7,  351.4,  343.6,  339.0,  337.5,  339.8,  344.2,  350.8,  353.2,  354.3,  354.7,  354.4,  353.7,  353.2,  355.9,  353.3,  346.8,  340.3,  337.6,  340.3,  346.7,  -33.9,  -32.2,  -27.8,  -23.3,  -21.5,  -22.9,  -27.6,  -32.0,  -38.5,  -35.9,  -32.2,  -27.6,  -23.1,  -19.5,  -17.1,  -19.7,  -23.7,  -28.1,  -32.2,  -35.9,  -29.6,  -27.6,  -25.7,  -24.9,  -25.7,  -27.7,  -29.7,  -30.4,  23.3,  25.1,  29.6,  34.2,  36.1,  34.3,  29.8,  24.9,  20.3,  22.7,  26.2,  30.9,  35.2,  38.7,  41.3,  38.8,  35.5,  31.6,  27.2,  23.3,  27.3,  29.7,  32.0,  32.9,  31.9,  29.5,  27.2,  26.3,  -5.9,  -10.0,  -11.9,  -10.3,  -6.2,  -1.7,  -0.3,  -1.8,  -3.1,  -5.6,  -7.3,  -8.2,  -7.7,  -6.0,  -3.5,  -2.3,  -2.0,  -1.7,  -1.6,  -1.9,  -3.8,  -3.1,  -3.9,  -5.8,  -7.6,  -8.3,  -7.5,  -5.6,  -4.9,  -9.4,  -11.2,  -9.3,  -4.9,  -0.4,  1.4,  -0.1,  -3.0,  -5.7,  -7.3,  -7.8,  -7.1,  -5.6,  -3.3,  -2.4,  -2.0,  -1.8,  -2.0,  -2.2,  -2.4,  -1.4,  -2.4,  -4.6,  -6.9,  -7.9,  -6.9,  -4.6,  327.5,  329.0,  329.3,  328.0,  326.0,  324.6,  324.2,  325.5,  330.3,  328.6,  326.8,  325.9,  326.1,  326.6,  327.2,  325.4,  323.8,  323.6,  325.1,  327.7,  327.0,  326.4,  326.5,  327.2,  328.1,  328.6,  328.5,  327.8,  304.6,  306.1,  307.4,  307.7,  306.8,  305.3,  304.0,  303.8,  304.7,  304.4,  304.5,  304.9,  306.3,  308.7,  310.6,  308.0,  305.2,  303.2,  302.8,  303.6,  305.5,  305.6,  306.3,  307.1,  307.6,  307.4,  306.8,  306.0,  2.2,  32.0,  340.2,  -0.194,  0.031,  0.012,  462.5,  463.1,  468.2,  477.3,  493.6,  520.0,  554.7,  595.7,  643.6,  691.1,  733.3,  770.1,  798.7,  815.5,  823.8,  830.3,  834.3,  497.6,  517.3,  545.8,  576.3,  605.8,  686.3,  719.3,  749.8,  778.1,  797.6,  645.8,  645.6,  645.1,  644.5,  610.4,  627.4,  644.7,  662.5,  679.0,  534.8,  554.2,  577.2,  596.2,  576.7,  554.1,  696.8,  716.0,  739.2,  758.2,  740.4,  718.1,  581.1,  605.2,  628.8,  644.8,  662.6,  688.0,  711.2,  688.7,  664.5,  645.3,  627.7,  604.8,  592.3,  628.2,  644.7,  662.7,  700.8,  662.6,  644.5,  628.0,  373.4,  420.0,  466.1,  509.7,  548.1,  581.3,  605.2,  624.1,  631.6,  630.1,  617.5,  595.2,  562.1,  518.3,  468.9,  417.9,  367.6,  324.8,  302.3,  292.6,  293.1,  297.7,  297.2,  290.6,  290.6,  300.1,  320.5,  337.1,  365.2,  392.8,  421.5,  449.2,  454.6,  459.0,  454.8,  450.4,  351.8,  339.8,  338.7,  350.2,  355.5,  356.7,  350.2,  337.9,  339.4,  350.7,  356.0,  355.2,  519.3,  501.2,  493.2,  497.2,  493.4,  503.4,  519.3,  534.3,  539.3,  540.1,  538.5,  532.6,  518.5,  511.2,  512.3,  511.0,  518.8,  515.0,  515.6,  514.1,  -81.3,  -80.6,  -78.1,  -73.5,  -64.9,  -51.7,  -35.1,  -17.5,  1.4,  20.4,  39.0,  56.3,  70.2,  78.2,  81.7,  84.4,  86.7,  -60.0,  -50.8,  -38.5,  -25.6,  -13.5,  18.2,  31.5,  44.2,  55.9,  64.3,  2.3,  2.1,  1.9,  1.6,  -11.2,  -4.7,  1.8,  8.5,  14.7,  -43.2,  -34.9,  -25.4,  -17.7,  -25.5,  -34.8,  22.8,  30.4,  39.8,  47.7,  40.2,  31.2,  -23.2,  -13.2,  -4.2,  1.8,  8.4,  18.2,  27.8,  18.4,  9.1,  2.0,  -4.6,  -13.4,  -18.6,  -4.4,  1.7,  8.5,  23.5,  8.4,  1.7,  -4.5,  6.1,  27.3,  48.2,  67.6,  83.4,  95.3,  101.0,  104.2,  106.0,  107.7,  107.6,  101.7,  89.4,  70.6,  48.5,  25.7,  3.4,  -14.8,  -23.9,  -27.5,  -26.9,  -24.5,  -24.7,  -27.6,  -27.9,  -24.2,  -16.1,  -8.9,  2.0,  12.2,  22.4,  33.8,  35.6,  37.1,  35.6,  34.2,  -3.4,  -8.2,  -8.6,  -3.9,  -1.8,  -1.3,  -3.9,  -8.8,  -8.2,  -3.7,  -1.6,  -1.9,  62.6,  53.7,  49.9,  51.2,  49.7,  54.4,  62.1,  65.8,  66.5,  66.7,  66.5,  65.5,  61.8,  56.9,  57.0,  56.5,  61.4,  57.8,  58.0,  57.8,  400.7,  398.7,  397.8,  395.0,  387.8,  376.9,  360.5,  345.1,  341.5,  348.8,  365.5,  378.4,  387.1,  389.9,  389.2,  388.2,  390.3,  368.3,  362.4,  357.3,  351.2,  344.7,  343.7,  348.1,  352.1,  354.2,  357.0,  340.5,  333.3,  325.5,  318.1,  331.9,  329.4,  327.4,  328.9,  330.8,  359.0,  356.2,  354.6,  353.4,  353.0,  354.7,  350.9,  350.2,  350.8,  353.1,  349.9,  349.5,  344.1,  332.7,  327.8,  326.2,  326.2,  332.0,  341.1,  330.4,  324.5,  324.1,  325.8,  332.1,  341.5,  329.1,  327.7,  327.6,  338.4,  326.5,  326.2,  328.1,  2.501,  -0.059,  0.038,  0.011,  646.077,  444.738,  -3.321,  -3.949,  -18.232,  -9.448,  -6.001,  1.201,  0.197,  1.406,  5.914,  -2.714,  -6.251,  -5.637,  8.767,  -6.405,  1.377,  1.430,  3.667,  -0.077,  -1.003,  -3.714,  1.968,  0.231,  0.931,  0.164,  -0.474,  1.613,  -0.752,  -0.432,  -0.437,  -0.294,  0.441,  -0.857,  0.062,  0.354, 0.00, 0.00, 0.00, 0.00, 0.00, 0.45, 0.00, 0.00, 0.00, 0.00, 0.21, 0.82, 0.04, 0.32, 0.00, 0.12, 0.00, 0.00, 0.00, 0.00, 1.00, 0.00, 0.00, 0.00, 0.00, 0.00, 0.00, 0.00, 1.00, 0.00, 0.00, 0.00, 0.00, 0.00, 0.00
86,  0,  2.836,  0.98,  1,  0.031189,  -0.064161,  -0.997452,  -0.153305,  0.040555,  -0.987346,  -0.061,  -0.012,  549.6,  554.6,  566.4,  578.0,  582.7,  578.5,  565.9,  554.3,  538.3,  544.9,  554.3,  566.3,  578.6,  588.2,  594.6,  587.2,  576.3,  564.3,  553.5,  544.4,  561.2,  566.3,  571.5,  573.7,  571.7,  566.5,  561.3,  559.1,  707.4,  712.5,  725.1,  737.9,  743.3,  738.2,  725.6,  711.8,  698.9,  705.9,  715.9,  729.1,  741.3,  750.4,  756.7,  750.4,  742.1,  731.5,  719.0,  707.7,  718.5,  725.1,  731.6,  734.1,  731.3,  724.8,  718.3,  715.7,  344.6,  333.7,  328.9,  332.9,  343.4,  355.4,  359.2,  355.2,  351.9,  345.1,  340.5,  338.1,  339.7,  344.2,  350.7,  354.2,  354.9,  355.7,  355.9,  355.1,  350.0,  351.8,  349.6,  344.8,  340.1,  338.3,  340.5,  345.3,  346.4,  333.6,  328.5,  334.0,  347.0,  359.7,  364.9,  360.4,  351.5,  343.7,  339.2,  337.8,  340.2,  344.4,  351.0,  353.4,  354.7,  355.2,  354.8,  353.9,  353.7,  356.5,  353.9,  347.3,  340.7,  337.9,  340.5,  347.1,  -33.8,  -32.1,  -27.7,  -23.3,  -21.4,  -22.8,  -27.4,  -31.9,  -38.4,  -35.7,  -32.0,  -27.5,  -22.9,  -19.3,  -17.0,  -19.6,  -23.6,  -28.0,  -32.1,  -35.8,  -29.5,  -27.5,  -25.5,  -24.8,  -25.6,  -27.6,  -29.6,  -30.3,  23.7,  25.5,  30.1,  34.6,  36.5,  34.6,  30.0,  25.2,  20.7,  23.1,  26.6,  31.3,  35.7,  39.2,  41.8,  39.2,  35.9,  32.0,  27.6,  23.7,  27.7,  30.0,  32.3,  33.3,  32.3,  30.0,  27.7,  26.7,  -5.7,  -9.9,  -11.7,  -10.2,  -6.2,  -1.7,  -0.3,  -1.8,  -3.0,  -5.6,  -7.3,  -8.2,  -7.6,  -5.9,  -3.5,  -2.2,  -1.9,  -1.6,  -1.5,  -1.8,  -3.7,  -3.1,  -3.9,  -5.7,  -7.5,  -8.1,  -7.3,  -5.5,  -4.8,  -9.3,  -11.1,  -9.2,  -4.6,  -0.1,  1.7,  0.1,  -3.0,  -5.7,  -7.3,  -7.8,  -7.0,  -5.5,  -3.2,  -2.3,  -1.9,  -1.7,  -1.8,  -2.2,  -2.2,  -1.2,  -2.2,  -4.5,  -6.8,  -7.8,  -6.9,  -4.6,  327.5,  329.1,  329.4,  328.1,  326.0,  324.4,  324.1,  325.4,  330.2,  328.6,  326.9,  326.1,  326.2,  326.7,  327.2,  325.3,  323.7,  323.5,  325.0,  327.6,  326.9,  326.3,  326.4,  327.2,  328.1,  328.7,  328.6,  327.8,  307.2,  308.3,  309.4,  309.7,  309.2,  308.1,  307.0,  306.9,  307.5,  307.0,  306.9,  307.2,  308.6,  311.0,  313.1,  310.6,  307.9,  305.9,  305.6,  306.4,  308.3,  308.4,  309.0,  309.6,  309.9,  309.7,  309.1,  308.5,  2.3,  32.0,  340.9,  -0.199,  0.032,  0.012,  462.8,  463.8,  468.9,  477.8,  493.7,  519.9,  554.4,  595.4,  643.6,  691.6,  734.4,  771.4,  799.8,  816.1,  823.9,  830.4,  834.4,  497.5,  517.3,  545.9,  576.6,  606.5,  686.7,  719.7,  750.2,  778.6,  798.0,  646.4,  646.1,  645.6,  645.0,  610.8,  627.8,  645.1,  663.0,  679.4,  535.2,  554.6,  577.6,  596.4,  577.0,  554.5,  697.4,  716.4,  739.7,  758.6,  740.8,  718.6,  581.3,  605.4,  629.0,  645.1,  663.0,  688.4,  711.7,  689.2,  664.9,  645.6,  627.8,  604.9,  592.4,  628.4,  645.0,  663.2,  701.2,  663.1,  644.9,  628.2,  373.7,  420.6,  466.9,  510.6,  548.7,  581.4,  604.4,  622.8,  630.3,  629.1,  616.8,  594.8,  561.7,  517.9,  468.7,  417.9,  367.9,  325.5,  302.6,  292.7,  293.1,  297.7,  297.5,  290.9,  290.9,  300.3,  320.7,  337.4,  365.6,  393.4,  422.2,  449.4,  454.9,  459.4,  455.1,  450.5,  352.0,  339.9,  338.9,  350.5,  355.7,  356.9,  350.5,  338.2,  339.7,  351.1,  356.2,  355.6,  518.9,  500.6,  492.8,  496.8,  493.0,  502.9,  518.9,  533.8,  538.8,  539.7,  538.1,  532.3,  518.0,  510.8,  511.9,  510.6,  518.3,  514.5,  515.2,  513.7,  -81.3,  -80.5,  -77.9,  -73.4,  -64.9,  -51.8,  -35.3,  -17.6,  1.4,  20.6,  39.4,  56.9,  70.8,  78.6,  81.9,  84.5,  86.8,  -60.1,  -51.0,  -38.5,  -25.5,  -13.2,  18.4,  31.8,  44.5,  56.2,  64.6,  2.5,  2.3,  2.1,  1.8,  -11.1,  -4.6,  1.9,  8.7,  14.9,  -43.1,  -34.9,  -25.3,  -17.6,  -25.5,  -34.7,  23.1,  30.7,  40.1,  48.0,  40.4,  31.5,  -23.1,  -13.2,  -4.1,  1.9,  8.6,  18.4,  28.0,  18.6,  9.3,  2.1,  -4.6,  -13.4,  -18.6,  -4.4,  1.9,  8.7,  23.7,  8.7,  1.8,  -4.4,  6.3,  27.7,  48.7,  68.1,  83.8,  95.5,  100.8,  103.7,  105.5,  107.3,  107.3,  101.6,  89.3,  70.4,  48.4,  25.7,  3.5,  -14.6,  -23.8,  -27.6,  -26.9,  -24.6,  -24.6,  -27.6,  -27.9,  -24.2,  -16.0,  -8.8,  2.2,  12.5,  22.7,  34.0,  35.8,  37.3,  35.8,  34.3,  -3.3,  -8.2,  -8.6,  -3.9,  -1.7,  -1.3,  -3.8,  -8.7,  -8.1,  -3.6,  -1.5,  -1.8,  62.6,  53.6,  49.9,  51.1,  49.7,  54.3,  62.0,  65.7,  66.4,  66.7,  66.5,  65.5,  61.8,  56.9,  57.0,  56.5,  61.3,  57.8,  58.0,  57.8,  401.6,  399.6,  398.6,  395.8,  388.6,  377.5,  360.9,  345.1,  341.5,  348.9,  365.8,  378.8,  387.4,  390.2,  389.4,  388.5,  390.7,  369.3,  363.4,  358.4,  352.2,  345.5,  344.8,  349.2,  353.0,  354.9,  357.6,  341.6,  334.4,  326.7,  319.4,  332.9,  330.4,  328.4,  329.8,  331.6,  359.6,  356.9,  355.3,  354.2,  353.7,  355.4,  351.8,  351.1,  351.7,  353.9,  350.7,  350.4,  344.6,  333.5,  328.6,  326.9,  327.0,  332.7,  341.5,  331.0,  325.1,  324.7,  326.5,  332.7,  342.1,  329.8,  328.4,  328.3,  338.9,  327.2,  326.9,  328.8,  2.496,  -0.063,  0.040,  0.011,  646.437,  444.688,  -4.006,  -3.509,  -18.907,  -10.843,  -6.134,  1.184,  -0.382,  1.467,  5.924,  -2.337,  -6.361,  -5.931,  9.236,  -5.484,  1.545,  1.415,  3.955,  -0.415,  -1.173,  -3.348,  2.281,  0.429,  0.942,  0.296,  -0.466,  1.635,  -0.920,  -0.572,  -0.459,  -0.298,  0.389,  -0.854,  0.076,  0.405, 0.00, 0.00, 0.00, 0.00, 0.00, 0.50, 0.02, 0.00, 0.00, 0.00, 0.14, 0.76, 0.03, 0.30, 0.00, 0.06, 0.00, 0.00, 0.00, 0.00, 1.00, 0.00, 0.00, 0.00, 0.00, 0.00, 0.00, 0.00, 1.00, 0.00, 0.00, 0.00, 0.00, 0.00, 0.00
87,  0,  2.870,  0.98,  1,  0.024326,  -0.069244,  -0.997303,  -0.148166,  0.033735,  -0.988387,  -0.062,  -0.018,  549.8,  554.9,  566.6,  578.2,  582.8,  578.6,  566.0,  554.4,  538.7,  545.3,  554.7,  566.6,  578.9,  588.5,  594.9,  587.6,  576.7,  564.8,  554.0,  544.8,  561.4,  566.4,  571.5,  573.7,  571.7,  566.7,  561.6,  559.4,  707.7,  712.5,  725.1,  738.0,  743.7,  738.9,  726.4,  712.5,  698.8,  706.0,  716.0,  729.3,  741.5,  750.7,  757.2,  751.0,  742.6,  732.0,  719.4,  707.8,  719.1,  725.7,  732.0,  734.4,  731.5,  724.9,  718.6,  716.2,  344.7,  334.0,  329.2,  333.2,  343.7,  355.5,  359.2,  355.2,  352.2,  345.3,  340.7,  338.3,  339.9,  344.5,  351.0,  354.5,  355.2,  355.9,  356.1,  355.3,  350.0,  351.8,  349.7,  345.0,  340.5,  338.8,  340.8,  345.5,  346.8,  334.1,  328.9,  334.3,  347.1,  359.8,  365.0,  360.7,  352.0,  344.3,  339.7,  338.2,  340.5,  344.9,  351.5,  353.9,  355.0,  355.4,  355.0,  354.3,  354.1,  356.8,  354.1,  347.7,  341.2,  338.5,  341.2,  347.6,  -33.8,  -32.1,  -27.7,  -23.3,  -21.4,  -22.8,  -27.5,  -31.9,  -38.3,  -35.7,  -31.9,  -27.4,  -22.8,  -19.3,  -16.9,  -19.5,  -23.5,  -27.9,  -32.0,  -35.7,  -29.4,  -27.5,  -25.6,  -24.9,  -25.7,  -27.6,  -29.5,  -30.3,  23.6,  25.3,  29.8,  34.4,  36.3,  34.5,  30.0,  25.2,  20.5,  22.9,  26.4,  31.1,  35.5,  39.0,  41.6,  39.0,  35.8,  31.8,  27.5,  23.5,  27.6,  29.9,  32.2,  33.1,  32.1,  29.8,  27.5,  26.6,  -5.7,  -9.8,  -11.6,  -10.1,  -6.1,  -1.7,  -0.3,  -1.8,  -3.0,  -5.5,  -7.2,  -8.1,  -7.5,  -5.8,  -3.4,  -2.1,  -1.8,  -1.5,  -1.4,  -1.8,  -3.7,  -3.1,  -3.9,  -5.6,  -7.3,  -8.0,  -7.2,  -5.4,  -4.6,  -9.0,  -10.9,  -9.0,  -4.5,  -0.1,  1.7,  0.2,  -2.8,  -5.5,  -7.1,  -7.6,  -6.8,  -5.3,  -3.0,  -2.2,  -1.8,  -1.6,  -1.7,  -2.0,  -2.1,  -1.1,  -2.0,  -4.3,  -6.6,  -7.5,  -6.6,  -4.3,  328.4,  330.1,  330.4,  329.1,  326.9,  325.2,  324.8,  326.2,  330.9,  329.4,  327.7,  326.9,  327.1,  327.5,  328.1,  326.1,  324.5,  324.2,  325.7,  328.3,  327.7,  327.2,  327.3,  328.1,  329.0,  329.6,  329.5,  328.7,  304.2,  305.7,  306.9,  307.2,  306.4,  305.0,  303.7,  303.6,  304.4,  304.1,  304.0,  304.4,  305.9,  308.3,  310.3,  307.7,  304.9,  302.8,  302.4,  303.3,  305.2,  305.3,  306.0,  306.7,  307.2,  307.0,  306.4,  305.6,  2.5,  32.1,  341.3,  -0.200,  0.032,  0.012,  462.9,  463.7,  468.9,  477.9,  494.2,  520.8,  555.7,  596.7,  644.3,  691.6,  733.8,  770.6,  799.3,  816.1,  824.2,  830.8,  834.8,  497.8,  517.8,  546.6,  577.4,  607.2,  686.8,  719.8,  750.4,  779.0,  798.6,  646.8,  646.5,  646.0,  645.4,  611.0,  628.1,  645.5,  663.3,  679.8,  535.4,  555.0,  578.1,  596.9,  577.4,  554.8,  697.5,  716.7,  740.0,  759.0,  741.2,  718.8,  581.4,  605.6,  629.2,  645.5,  663.6,  688.9,  712.0,  689.6,  665.5,  646.0,  628.0,  605.1,  592.5,  628.6,  645.4,  663.7,  701.5,  663.7,  645.2,  628.4,  374.2,  421.2,  467.6,  511.3,  549.3,  581.6,  604.1,  622.0,  629.3,  628.2,  616.3,  594.9,  562.4,  518.8,  469.6,  418.7,  368.5,  325.5,  302.8,  293.1,  293.6,  298.2,  297.9,  291.3,  291.4,  300.8,  321.4,  337.9,  366.1,  393.9,  422.7,  449.4,  454.9,  459.4,  455.1,  450.6,  352.1,  340.2,  339.1,  350.9,  356.0,  357.1,  351.0,  338.6,  340.1,  351.5,  356.6,  356.0,  518.3,  500.0,  492.1,  496.1,  492.3,  502.3,  518.3,  533.1,  538.1,  539.0,  537.4,  531.6,  517.4,  510.2,  511.2,  509.9,  517.8,  513.7,  514.4,  513.0,  -81.4,  -80.6,  -78.1,  -73.4,  -64.8,  -51.5,  -34.8,  -17.1,  1.7,  20.6,  39.3,  56.6,  70.7,  78.7,  82.2,  84.9,  87.2,  -60.1,  -50.8,  -38.3,  -25.2,  -13.0,  18.4,  31.9,  44.6,  56.5,  65.0,  2.6,  2.5,  2.2,  2.0,  -11.1,  -4.5,  2.1,  8.8,  15.1,  -43.1,  -34.8,  -25.2,  -17.5,  -25.3,  -34.7,  23.2,  30.8,  40.2,  48.2,  40.6,  31.6,  -23.1,  -13.1,  -4.1,  2.0,  8.8,  18.6,  28.2,  18.8,  9.5,  2.2,  -4.5,  -13.3,  -18.6,  -4.3,  2.0,  8.9,  23.9,  8.9,  2.0,  -4.4,  6.5,  28.0,  49.1,  68.5,  84.2,  95.7,  100.8,  103.4,  105.2,  107.1,  107.3,  101.9,  89.8,  71.0,  48.9,  26.1,  3.8,  -14.6,  -23.8,  -27.5,  -26.8,  -24.4,  -24.5,  -27.4,  -27.7,  -24.0,  -15.8,  -8.6,  2.3,  12.7,  22.9,  34.1,  35.9,  37.4,  35.9,  34.4,  -3.2,  -8.1,  -8.5,  -3.7,  -1.6,  -1.2,  -3.6,  -8.6,  -8.0,  -3.5,  -1.4,  -1.6,  62.4,  53.4,  49.7,  50.9,  49.5,  54.2,  61.9,  65.6,  66.3,  66.5,  66.3,  65.4,  61.6,  56.7,  56.8,  56.3,  61.2,  57.6,  57.8,  57.6,  402.3,  400.2,  399.2,  396.3,  389.0,  377.9,  361.1,  345.4,  342.0,  349.5,  366.5,  379.5,  388.2,  391.1,  390.4,  389.5,  391.7,  370.0,  364.0,  358.9,  352.7,  346.0,  345.1,  349.5,  353.4,  355.5,  358.3,  342.1,  334.9,  327.2,  319.9,  333.3,  330.8,  328.8,  330.3,  332.1,  360.3,  357.5,  355.9,  354.7,  354.2,  356.0,  352.2,  351.6,  352.2,  354.5,  351.2,  350.8,  345.1,  333.9,  329.1,  327.4,  327.5,  333.2,  342.0,  331.5,  325.6,  325.1,  326.9,  333.2,  342.6,  330.3,  328.8,  328.8,  339.4,  327.7,  327.3,  329.3,  2.492,  -0.065,  0.038,  0.011,  646.769,  444.698,  -2.830,  -3.751,  -18.353,  -11.363,  -5.391,  1.616,  0.048,  1.625,  5.191,  -2.916,  -6.027,  -6.321,  9.402,  -5.165,  1.447,  1.647,  3.789,  -0.537,  -1.043,  -3.413,  2.173,  0.325,  0.738,  0.272,  -0.509,  1.684,  -0.894,  -0.424,  -0.411,  -0.310,  0.463,  -0.852,  0.101,  0.381, 0.00, 0.00, 0.00, 0.00, 0.00, 0.52, 0.07, 0.00, 0.00, 0.00, 0.07, 0.65, 0.00, 0.29, 0.00, 0.01, 0.00, 0.00, 0.00, 0.00, 1.00, 0.00, 0.00, 0.00, 0.00, 0.00, 0.00, 0.00, 0.00, 0.00, 0.00, 0.00, 0.00, 0.00, 0.00
88,  0,  2.903,  0.98,  1,  0.032758,  -0.072649,  -0.996819,  -0.144470,  0.034321,  -0.988914,  -0.056,  -0.019,  550.2,  555.4,  567.2,  578.7,  583.3,  579.0,  566.4,  554.8,  539.0,  545.5,  554.9,  566.8,  579.1,  588.8,  595.2,  587.9,  577.0,  565.0,  554.2,  545.1,  561.9,  566.9,  571.9,  574.1,  572.2,  567.2,  562.1,  559.9,  708.3,  713.2,  725.8,  738.6,  744.2,  739.2,  726.7,  712.9,  699.4,  706.5,  716.5,  729.7,  741.9,  751.0,  757.4,  751.1,  742.8,  732.2,  719.7,  708.2,  719.5,  726.1,  732.5,  735.0,  732.1,  725.5,  719.1,  716.6,  344.8,  334.0,  329.3,  333.4,  343.9,  355.7,  359.4,  355.3,  352.5,  345.7,  341.0,  338.6,  340.1,  344.6,  351.2,  354.6,  355.4,  356.1,  356.4,  355.6,  350.1,  351.9,  349.9,  345.2,  340.7,  338.9,  341.0,  345.6,  347.1,  334.4,  329.3,  334.7,  347.6,  360.2,  365.3,  360.9,  352.3,  344.6,  340.1,  338.7,  341.0,  345.4,  352.0,  354.3,  355.4,  355.7,  355.3,  354.6,  354.4,  357.2,  354.5,  348.1,  341.5,  338.7,  341.4,  347.8,  -33.6,  -31.9,  -27.4,  -23.0,  -21.1,  -22.6,  -27.3,  -31.7,  -38.1,  -35.5,  -31.8,  -27.3,  -22.7,  -19.1,  -16.8,  -19.4,  -23.3,  -27.7,  -31.9,  -35.5,  -29.2,  -27.3,  -25.4,  -24.6,  -25.4,  -27.4,  -29.3,  -30.0,  23.9,  25.8,  30.3,  34.9,  36.7,  34.8,  30.3,  25.5,  20.8,  23.3,  26.8,  31.4,  35.9,  39.4,  41.9,  39.4,  36.1,  32.1,  27.8,  23.8,  27.9,  30.3,  32.6,  33.5,  32.6,  30.2,  27.9,  27.0,  -5.7,  -9.8,  -11.6,  -10.0,  -6.0,  -1.6,  -0.2,  -1.7,  -2.8,  -5.4,  -7.1,  -8.0,  -7.4,  -5.7,  -3.3,  -2.0,  -1.7,  -1.4,  -1.3,  -1.6,  -3.7,  -3.0,  -3.8,  -5.5,  -7.2,  -7.9,  -7.1,  -5.4,  -4.5,  -9.0,  -10.8,  -8.9,  -4.4,  0.1,  1.9,  0.3,  -2.7,  -5.4,  -7.0,  -7.5,  -6.7,  -5.2,  -2.9,  -2.0,  -1.6,  -1.5,  -1.6,  -1.9,  -2.0,  -1.0,  -1.9,  -4.2,  -6.5,  -7.5,  -6.6,  -4.3,  327.7,  329.5,  329.8,  328.5,  326.3,  324.6,  324.2,  325.5,  330.3,  328.8,  327.1,  326.2,  326.4,  326.8,  327.4,  325.4,  323.8,  323.5,  325.1,  327.6,  327.1,  326.5,  326.7,  327.4,  328.4,  328.9,  328.8,  328.1,  306.5,  307.9,  309.0,  309.4,  308.6,  307.3,  306.1,  306.0,  306.8,  306.4,  306.3,  306.7,  308.1,  310.4,  312.5,  309.9,  307.2,  305.2,  304.8,  305.7,  307.5,  307.7,  308.3,  309.0,  309.4,  309.2,  308.6,  307.9,  2.6,  32.2,  341.8,  -0.200,  0.030,  0.013,  463.1,  463.9,  469.0,  477.9,  494.4,  521.3,  556.3,  597.1,  644.4,  691.4,  733.5,  770.3,  799.2,  816.3,  824.6,  831.2,  835.2,  498.0,  518.1,  546.9,  577.6,  607.4,  687.5,  720.6,  751.1,  779.6,  799.2,  647.3,  647.1,  646.7,  646.2,  611.5,  628.6,  646.0,  663.9,  680.3,  535.7,  555.3,  578.3,  597.1,  577.7,  555.1,  698.0,  717.1,  740.3,  759.3,  741.5,  719.2,  581.7,  606.0,  629.7,  646.0,  664.2,  689.4,  712.4,  690.0,  665.9,  646.3,  628.3,  605.4,  592.8,  629.0,  645.8,  664.3,  701.9,  664.2,  645.7,  628.7,  374.7,  421.6,  468.0,  511.7,  549.5,  581.7,  604.2,  622.0,  629.3,  628.1,  616.0,  594.6,  562.2,  518.7,  469.6,  418.7,  368.7,  325.6,  303.1,  293.4,  293.9,  298.5,  298.3,  291.8,  291.9,  301.3,  321.8,  338.4,  366.5,  394.2,  423.0,  449.5,  455.0,  459.5,  455.2,  450.8,  352.3,  340.5,  339.5,  351.1,  356.2,  357.3,  351.3,  339.1,  340.6,  351.8,  357.0,  356.3,  517.9,  499.8,  491.9,  496.0,  492.2,  502.2,  518.2,  532.8,  537.7,  538.6,  536.9,  531.1,  517.1,  510.0,  511.1,  509.9,  517.6,  513.3,  514.0,  512.5,  -81.4,  -80.6,  -78.1,  -73.5,  -64.8,  -51.3,  -34.6,  -17.0,  1.7,  20.6,  39.2,  56.6,  70.7,  78.9,  82.5,  85.3,  87.5,  -60.1,  -50.8,  -38.2,  -25.2,  -12.9,  18.8,  32.2,  45.0,  56.8,  65.3,  2.9,  2.7,  2.5,  2.3,  -10.9,  -4.3,  2.3,  9.0,  15.3,  -43.0,  -34.7,  -25.1,  -17.4,  -25.3,  -34.6,  23.4,  31.0,  40.4,  48.4,  40.8,  31.8,  -23.0,  -13.0,  -3.9,  2.2,  9.1,  18.9,  28.3,  19.0,  9.7,  2.4,  -4.4,  -13.2,  -18.5,  -4.2,  2.2,  9.1,  24.1,  9.1,  2.1,  -4.3,  6.8,  28.2,  49.3,  68.8,  84.4,  95.8,  100.9,  103.6,  105.4,  107.2,  107.3,  101.9,  89.8,  71.1,  49.0,  26.2,  3.9,  -14.5,  -23.7,  -27.4,  -26.7,  -24.3,  -24.4,  -27.3,  -27.6,  -23.9,  -15.7,  -8.5,  2.5,  12.8,  23.1,  34.1,  36.0,  37.5,  36.0,  34.5,  -3.2,  -8.0,  -8.4,  -3.6,  -1.5,  -1.1,  -3.5,  -8.4,  -7.8,  -3.3,  -1.2,  -1.5,  62.4,  53.4,  49.7,  51.0,  49.6,  54.3,  62.0,  65.6,  66.3,  66.5,  66.2,  65.3,  61.6,  56.7,  56.9,  56.4,  61.3,  57.5,  57.7,  57.5,  402.5,  400.4,  399.6,  396.7,  389.4,  378.2,  361.5,  346.0,  342.5,  350.1,  366.9,  379.9,  388.6,  391.7,  391.1,  390.2,  392.4,  370.3,  364.4,  359.3,  353.2,  346.5,  345.7,  350.2,  354.1,  356.2,  359.1,  342.5,  335.4,  327.7,  320.5,  333.8,  331.2,  329.3,  330.8,  332.6,  360.6,  357.8,  356.2,  355.0,  354.5,  356.2,  352.7,  352.1,  352.8,  355.1,  351.8,  351.4,  345.5,  334.5,  329.6,  327.9,  328.0,  333.9,  342.7,  332.2,  326.2,  325.7,  327.5,  333.8,  343.1,  330.9,  329.4,  329.4,  340.1,  328.3,  328.0,  329.9,  2.488,  -0.065,  0.035,  0.011,  647.133,  444.776,  -3.001,  -3.689,  -18.150,  -11.970,  -4.978,  1.715,  -0.149,  1.306,  5.112,  -3.100,  -5.904,  -5.923,  9.692,  -5.130,  1.810,  1.505,  3.394,  -0.815,  -1.024,  -3.555,  1.843,  0.216,  0.873,  0.230,  -0.509,  1.617,  -0.877,  -0.440,  -0.372,  -0.404,  0.463,  -0.884,  0.057,  0.390, 0.00, 0.00, 0.00, 0.00, 0.00, 0.50, 0.11, 0.00, 0.00, 0.00, 0.09, 0.53, 0.01, 0.31, 0.00, 0.00, 0.00, 0.00, 0.00, 0.00, 1.00, 0.00, 0.00, 0.00, 0.00, 0.00, 0.00, 0.00, 0.00, 0.00, 0.00, 0.00, 0.00, 0.00, 0.00
89,  0,  2.936,  0.98,  1,  0.041477,  -0.079278,  -0.995989,  -0.148084,  0.031791,  -0.988464,  -0.054,  -0.024,  550.5,  555.7,  567.6,  579.3,  583.8,  579.5,  566.8,  555.1,  538.8,  545.4,  554.9,  567.0,  579.4,  589.1,  595.6,  588.3,  577.3,  565.2,  554.3,  545.0,  562.3,  567.2,  572.3,  574.5,  572.6,  567.6,  562.5,  560.3,  708.4,  713.3,  725.8,  738.7,  744.4,  739.6,  727.0,  713.1,  699.5,  706.7,  716.9,  730.1,  742.2,  751.2,  757.7,  751.6,  743.3,  732.6,  720.1,  708.5,  719.7,  726.3,  732.6,  735.0,  732.1,  725.6,  719.2,  716.8,  344.8,  334.0,  329.3,  333.5,  344.1,  356.0,  359.6,  355.4,  352.9,  346.0,  341.3,  338.8,  340.3,  344.9,  351.5,  354.9,  355.7,  356.4,  356.7,  356.0,  350.2,  352.0,  350.0,  345.4,  340.9,  339.1,  341.1,  345.7,  347.4,  334.7,  329.6,  335.1,  347.9,  360.6,  365.7,  361.3,  352.8,  345.2,  340.5,  339.0,  341.3,  345.7,  352.3,  354.7,  355.7,  356.1,  355.8,  355.1,  354.7,  357.5,  354.9,  348.5,  342.0,  339.2,  341.8,  348.2,  -33.2,  -31.4,  -27.0,  -22.6,  -20.8,  -22.2,  -26.9,  -31.3,  -37.8,  -35.2,  -31.5,  -27.0,  -22.4,  -18.8,  -16.4,  -19.1,  -23.0,  -27.4,  -31.5,  -35.2,  -28.8,  -26.9,  -25.0,  -24.3,  -25.1,  -27.0,  -28.8,  -29.6,  23.7,  25.5,  30.1,  34.6,  36.5,  34.7,  30.2,  25.3,  20.7,  23.1,  26.7,  31.3,  35.7,  39.2,  41.7,  39.2,  36.0,  32.0,  27.6,  23.7,  27.8,  30.1,  32.3,  33.3,  32.3,  30.0,  27.7,  26.8,  -5.6,  -9.7,  -11.5,  -9.8,  -5.9,  -1.5,  -0.1,  -1.7,  -2.6,  -5.2,  -6.9,  -7.8,  -7.3,  -5.6,  -3.2,  -1.9,  -1.6,  -1.3,  -1.2,  -1.5,  -3.6,  -2.9,  -3.7,  -5.4,  -7.1,  -7.8,  -7.0,  -5.3,  -4.4,  -8.8,  -10.6,  -8.7,  -4.2,  0.2,  2.0,  0.4,  -2.5,  -5.2,  -6.8,  -7.3,  -6.5,  -5.0,  -2.7,  -1.9,  -1.5,  -1.3,  -1.5,  -1.7,  -1.8,  -0.9,  -1.8,  -4.0,  -6.3,  -7.3,  -6.4,  -4.1,  324.6,  326.4,  326.7,  325.5,  323.3,  321.6,  321.1,  322.4,  327.1,  325.6,  323.9,  323.1,  323.3,  323.8,  324.4,  322.4,  320.8,  320.5,  322.0,  324.5,  324.0,  323.5,  323.6,  324.4,  325.3,  325.9,  325.7,  325.0,  303.7,  305.2,  306.5,  306.8,  306.0,  304.6,  303.3,  303.1,  303.9,  303.5,  303.5,  304.1,  305.6,  308.0,  310.2,  307.4,  304.6,  302.5,  302.0,  302.8,  304.7,  304.9,  305.6,  306.3,  306.7,  306.5,  305.9,  305.1,  2.7,  32.3,  341.4,  -0.201,  0.028,  0.014,  463.2,  463.9,  469.0,  478.0,  494.5,  521.2,  556.1,  596.9,  644.3,  691.4,  733.4,  770.2,  799.1,  816.2,  824.5,  831.2,  835.3,  498.5,  518.8,  547.6,  578.3,  608.0,  687.6,  720.6,  751.3,  779.8,  799.5,  647.5,  647.4,  646.9,  646.4,  611.5,  628.7,  646.2,  664.2,  680.7,  535.7,  555.4,  578.5,  597.4,  577.9,  555.2,  698.2,  717.5,  740.7,  759.7,  741.9,  719.6,  581.9,  606.2,  629.7,  646.1,  664.4,  689.7,  712.5,  690.2,  666.1,  646.4,  628.3,  605.5,  593.1,  628.9,  645.9,  664.4,  702.1,  664.4,  645.7,  628.7,  374.5,  421.4,  467.9,  511.5,  549.4,  581.6,  604.1,  622.0,  629.3,  628.5,  616.9,  595.7,  563.2,  519.5,  470.0,  418.9,  368.4,  325.7,  303.3,  293.7,  294.2,  298.8,  298.4,  292.0,  292.1,  301.6,  322.3,  338.5,  366.8,  394.7,  423.5,  449.8,  455.4,  460.0,  455.7,  451.3,  352.6,  340.8,  339.8,  351.4,  356.5,  357.6,  351.7,  339.4,  341.0,  352.2,  357.4,  356.7,  518.2,  499.9,  492.0,  496.1,  492.3,  502.6,  518.8,  533.1,  537.9,  538.7,  537.0,  531.2,  517.4,  510.2,  511.3,  510.1,  518.1,  513.5,  514.1,  512.5,  -81.3,  -80.5,  -78.0,  -73.3,  -64.7,  -51.3,  -34.7,  -17.0,  1.7,  20.6,  39.2,  56.6,  70.7,  78.9,  82.6,  85.4,  87.7,  -59.8,  -50.4,  -37.9,  -24.9,  -12.7,  18.8,  32.2,  45.0,  56.9,  65.4,  3.0,  2.8,  2.6,  2.3,  -10.8,  -4.3,  2.3,  9.1,  15.4,  -42.9,  -34.6,  -25.0,  -17.3,  -25.2,  -34.5,  23.4,  31.1,  40.6,  48.5,  40.9,  31.9,  -22.9,  -12.9,  -3.9,  2.3,  9.1,  18.9,  28.4,  19.0,  9.7,  2.4,  -4.4,  -13.1,  -18.4,  -4.2,  2.2,  9.2,  24.1,  9.1,  2.1,  -4.3,  6.7,  28.1,  49.2,  68.6,  84.2,  95.7,  100.8,  103.5,  105.4,  107.4,  107.8,  102.4,  90.3,  71.4,  49.2,  26.3,  3.8,  -14.5,  -23.6,  -27.2,  -26.5,  -24.2,  -24.3,  -27.2,  -27.5,  -23.8,  -15.5,  -8.4,  2.6,  13.0,  23.2,  34.2,  36.1,  37.6,  36.1,  34.7,  -3.0,  -7.9,  -8.2,  -3.5,  -1.4,  -1.0,  -3.3,  -8.3,  -7.7,  -3.2,  -1.1,  -1.3,  62.4,  53.4,  49.7,  50.9,  49.5,  54.3,  62.1,  65.6,  66.2,  66.4,  66.2,  65.2,  61.6,  56.7,  56.9,  56.4,  61.4,  57.5,  57.7,  57.4,  402.1,  399.9,  398.9,  396.1,  389.0,  378.0,  361.4,  345.8,  342.4,  350.0,  367.0,  380.1,  389.0,  392.0,  391.4,  390.6,  392.8,  369.9,  364.1,  359.1,  353.0,  346.2,  345.4,  349.8,  353.8,  356.0,  358.9,  342.3,  335.2,  327.4,  320.2,  333.5,  330.9,  329.0,  330.5,  332.3,  360.4,  357.6,  356.0,  354.8,  354.3,  356.0,  352.4,  351.8,  352.5,  354.8,  351.5,  351.1,  345.1,  334.0,  329.2,  327.5,  327.6,  333.4,  342.2,  331.6,  325.7,  325.2,  327.0,  333.4,  342.6,  330.4,  328.9,  328.9,  339.6,  327.8,  327.5,  329.4,  2.490,  -0.065,  0.032,  0.012,  647.287,  445.043,  -1.929,  -4.538,  -18.349,  -11.392,  -5.504,  1.600,  -0.100,  1.149,  4.536,  -3.406,  -5.817,  -6.163,  9.758,  -4.919,  1.477,  1.671,  3.713,  -0.737,  -1.010,  -3.751,  1.796,  0.667,  0.925,  0.263,  -0.443,  1.701,  -0.998,  -0.375,  -0.443,  -0.430,  0.442,  -0.869,  0.019,  0.394, 0.00, 0.00, 0.00, 0.00, 0.00, 0.62, 0.12, 0.00, 0.00, 0.00, 0.14, 0.51, 0.01, 0.31, 0.00, 0.00, 0.00, 0.00, 0.00, 0.00, 1.00, 0.00, 0.00, 0.00, 0.00, 0.00, 0.00, 0.00, 0.00, 0.00, 0.00, 0.00, 0.00, 0.00, 0.00
90,  0,  2.970,  0.98,  1,  0.039590,  -0.075153,  -0.996386,  -0.146179,  0.029081,  -0.988831,  -0.054,  -0.023,  550.8,  555.9,  567.8,  579.4,  584.0,  579.7,  567.0,  555.4,  539.3,  545.8,  555.2,  567.2,  579.6,  589.3,  595.7,  588.3,  577.4,  565.4,  554.6,  545.4,  562.4,  567.5,  572.6,  574.8,  572.8,  567.8,  562.7,  560.5,  708.9,  713.7,  726.2,  739.1,  744.7,  739.9,  727.4,  713.6,  700.2,  707.2,  717.2,  730.3,  742.4,  751.5,  758.0,  751.7,  743.3,  732.7,  720.3,  708.9,  720.2,  726.7,  733.1,  735.6,  732.6,  726.1,  719.7,  717.3,  345.0,  334.2,  329.5,  333.7,  344.3,  356.2,  359.8,  355.6,  353.0,  346.1,  341.4,  338.9,  340.4,  345.0,  351.6,  355.0,  355.8,  356.5,  356.8,  356.1,  350.5,  352.3,  350.2,  345.5,  341.0,  339.2,  341.2,  345.9,  347.6,  335.0,  329.8,  335.1,  347.8,  360.4,  365.6,  361.4,  352.9,  345.1,  340.6,  339.2,  341.5,  345.8,  352.4,  354.8,  355.9,  356.4,  356.0,  355.2,  354.8,  357.5,  354.8,  348.4,  341.9,  339.2,  341.9,  348.3,  -33.3,  -31.5,  -27.1,  -22.7,  -20.8,  -22.3,  -26.9,  -31.4,  -37.9,  -35.3,  -31.6,  -27.0,  -22.4,  -18.9,  -16.5,  -19.1,  -23.1,  -27.5,  -31.6,  -35.3,  -28.9,  -27.0,  -25.1,  -24.3,  -25.1,  -27.0,  -28.9,  -29.7,  24.2,  26.0,  30.6,  35.2,  37.1,  35.2,  30.7,  25.8,  21.2,  23.6,  27.1,  31.8,  36.2,  39.7,  42.3,  39.7,  36.4,  32.5,  28.1,  24.2,  28.3,  30.6,  32.9,  33.9,  32.9,  30.5,  28.2,  27.3,  -5.6,  -9.7,  -11.5,  -9.8,  -5.8,  -1.4,  -0.1,  -1.6,  -2.6,  -5.2,  -6.9,  -7.8,  -7.3,  -5.6,  -3.1,  -1.9,  -1.6,  -1.3,  -1.2,  -1.5,  -3.6,  -2.9,  -3.6,  -5.4,  -7.1,  -7.8,  -7.0,  -5.3,  -4.4,  -8.8,  -10.7,  -8.8,  -4.3,  0.1,  2.0,  0.5,  -2.5,  -5.2,  -6.8,  -7.3,  -6.5,  -5.1,  -2.7,  -1.9,  -1.4,  -1.3,  -1.4,  -1.7,  -1.8,  -0.9,  -1.8,  -4.1,  -6.4,  -7.4,  -6.4,  -4.1,  326.4,  328.1,  328.5,  327.2,  325.0,  323.4,  323.0,  324.2,  328.9,  327.4,  325.7,  324.9,  325.1,  325.6,  326.2,  324.3,  322.6,  322.3,  323.9,  326.4,  325.8,  325.3,  325.4,  326.2,  327.1,  327.7,  327.5,  326.8,  307.9,  309.3,  310.4,  310.7,  309.8,  308.5,  307.3,  307.3,  308.2,  307.8,  307.7,  308.0,  309.3,  311.6,  313.6,  311.1,  308.4,  306.4,  306.1,  307.0,  308.8,  308.9,  309.5,  310.2,  310.7,  310.5,  309.9,  309.2,  2.7,  32.4,  342.0,  -0.201,  0.030,  0.014,  463.5,  464.1,  469.1,  478.1,  494.7,  521.6,  556.6,  597.4,  644.7,  691.6,  733.5,  770.3,  799.2,  816.5,  824.8,  831.5,  835.4,  499.1,  519.2,  547.9,  578.5,  608.0,  688.1,  721.1,  751.6,  780.0,  799.5,  647.8,  647.6,  647.1,  646.6,  611.6,  628.8,  646.3,  664.3,  680.8,  536.1,  555.7,  578.8,  597.6,  578.1,  555.4,  698.6,  717.7,  741.0,  759.9,  742.1,  719.8,  581.7,  606.0,  629.6,  646.1,  664.4,  689.8,  712.6,  690.3,  666.0,  646.3,  628.0,  605.3,  593.0,  628.8,  645.8,  664.4,  702.1,  664.3,  645.6,  628.5,  374.6,  421.5,  467.9,  511.7,  549.6,  582.0,  604.7,  622.6,  629.7,  628.7,  616.7,  595.4,  563.0,  519.4,  469.9,  418.7,  368.2,  325.6,  303.2,  293.7,  294.3,  299.0,  298.7,  292.3,  292.3,  301.8,  322.4,  338.7,  367.0,  394.8,  423.6,  450.0,  455.6,  460.1,  455.9,  451.5,  352.7,  340.8,  339.8,  351.5,  356.6,  357.7,  351.8,  339.6,  341.2,  352.4,  357.6,  356.8,  518.7,  500.1,  492.0,  496.2,  492.4,  502.8,  519.4,  533.9,  538.7,  539.4,  537.7,  531.8,  517.8,  510.5,  511.7,  510.5,  518.7,  514.0,  514.5,  512.9,  -81.2,  -80.5,  -78.0,  -73.4,  -64.7,  -51.2,  -34.5,  -16.8,  1.8,  20.6,  39.2,  56.6,  70.8,  79.0,  82.6,  85.4,  87.6,  -59.6,  -50.3,  -37.8,  -24.9,  -12.7,  19.0,  32.5,  45.2,  57.0,  65.4,  3.1,  2.9,  2.7,  2.4,  -10.8,  -4.2,  2.4,  9.2,  15.5,  -42.8,  -34.5,  -24.9,  -17.2,  -25.1,  -34.4,  23.6,  31.3,  40.7,  48.6,  41.1,  32.1,  -23.0,  -13.0,  -3.9,  2.3,  9.2,  19.0,  28.4,  19.1,  9.7,  2.3,  -4.5,  -13.3,  -18.4,  -4.2,  2.2,  9.2,  24.2,  9.1,  2.1,  -4.3,  6.7,  28.1,  49.3,  68.8,  84.4,  96.0,  101.1,  103.9,  105.7,  107.6,  107.7,  102.3,  90.2,  71.4,  49.1,  26.2,  3.7,  -14.6,  -23.6,  -27.2,  -26.5,  -24.2,  -24.2,  -27.1,  -27.4,  -23.7,  -15.4,  -8.3,  2.7,  13.1,  23.4,  34.4,  36.2,  37.7,  36.3,  34.8,  -3.0,  -7.9,  -8.2,  -3.5,  -1.4,  -1.0,  -3.3,  -8.2,  -7.6,  -3.1,  -1.0,  -1.3,  62.7,  53.6,  49.8,  51.1,  49.6,  54.5,  62.4,  66.0,  66.7,  66.8,  66.5,  65.6,  61.9,  57.0,  57.1,  56.7,  61.7,  57.8,  57.9,  57.7,  402.3,  400.3,  399.6,  396.8,  389.5,  378.3,  361.5,  346.1,  342.8,  350.3,  367.1,  380.1,  388.8,  391.8,  391.1,  390.1,  392.2,  370.0,  364.3,  359.5,  353.6,  347.1,  346.2,  350.6,  354.3,  356.2,  358.8,  342.8,  335.8,  328.2,  321.1,  334.1,  331.6,  329.8,  331.3,  333.0,  360.7,  358.0,  356.4,  355.2,  354.7,  356.4,  352.8,  352.2,  352.8,  355.0,  351.8,  351.4,  345.7,  334.6,  329.8,  328.1,  328.1,  334.0,  342.8,  332.3,  326.4,  325.8,  327.7,  334.0,  343.2,  331.0,  329.5,  329.5,  340.1,  328.4,  328.1,  330.0,  2.487,  -0.065,  0.036,  0.013,  647.436,  445.247,  -4.094,  -3.863,  -18.709,  -12.108,  -5.642,  1.367,  -0.154,  1.217,  4.699,  -3.520,  -5.817,  -6.054,  10.049,  -5.034,  1.236,  1.945,  3.593,  -0.693,  -0.600,  -3.801,  1.440,  0.371,  0.983,  0.085,  -0.541,  1.653,  -0.863,  -0.508,  -0.408,  -0.454,  0.472,  -0.863,  0.004,  0.417, 0.03, 0.00, 0.00, 0.00, 0.00, 0.63, 0.08, 0.00, 0.00, 0.00, 0.20, 0.55, 0.01, 0.24, 0.00, 0.00, 0.00, 0.00, 0.00, 0.00, 1.00, 0.00, 0.00, 0.00, 0.00, 0.00, 0.00, 0.00, 0.00, 0.00, 0.00, 0.00, 0.00, 0.00, 0.00
91,  0,  3.003,  0.98,  1,  0.045755,  -0.076141,  -0.996047,  -0.146873,  0.032956,  -0.988606,  -0.051,  -0.022,  551.0,  556.1,  567.9,  579.5,  584.2,  579.9,  567.2,  555.6,  539.4,  545.7,  555.2,  567.3,  579.8,  589.3,  595.6,  588.3,  577.3,  565.2,  554.5,  545.4,  562.6,  567.6,  572.7,  574.9,  572.9,  567.9,  562.8,  560.7,  708.9,  713.7,  726.2,  739.1,  744.7,  739.8,  727.3,  713.5,  700.2,  707.2,  717.3,  730.3,  742.4,  751.5,  757.9,  751.7,  743.3,  732.7,  720.2,  708.9,  720.2,  726.7,  733.0,  735.5,  732.6,  726.1,  719.7,  717.3,  345.1,  334.1,  329.4,  333.7,  344.5,  356.5,  360.2,  355.9,  353.1,  346.2,  341.7,  339.1,  340.6,  345.1,  351.7,  355.1,  356.0,  356.9,  357.1,  356.3,  350.6,  352.4,  350.4,  345.7,  341.0,  339.2,  341.2,  345.9,  347.7,  335.1,  329.9,  335.3,  348.0,  360.6,  365.8,  361.5,  353.0,  345.2,  340.6,  339.2,  341.5,  345.7,  352.3,  354.8,  356.0,  356.5,  356.1,  355.3,  354.9,  357.6,  355.0,  348.5,  342.1,  339.4,  342.0,  348.5,  -33.3,  -31.5,  -27.1,  -22.6,  -20.8,  -22.3,  -26.9,  -31.3,  -37.9,  -35.3,  -31.6,  -27.0,  -22.4,  -18.9,  -16.6,  -19.2,  -23.2,  -27.6,  -31.7,  -35.4,  -28.9,  -27.0,  -25.1,  -24.3,  -25.1,  -27.0,  -28.9,  -29.7,  24.2,  26.1,  30.6,  35.2,  37.1,  35.2,  30.7,  25.8,  21.2,  23.7,  27.2,  31.8,  36.2,  39.7,  42.3,  39.7,  36.4,  32.5,  28.1,  24.2,  28.3,  30.6,  32.9,  33.9,  32.9,  30.6,  28.2,  27.3,  -5.6,  -9.7,  -11.5,  -9.8,  -5.8,  -1.3,  0.1,  -1.5,  -2.6,  -5.2,  -6.8,  -7.8,  -7.2,  -5.6,  -3.1,  -1.8,  -1.5,  -1.2,  -1.1,  -1.4,  -3.5,  -2.8,  -3.6,  -5.4,  -7.1,  -7.8,  -7.0,  -5.3,  -4.3,  -8.8,  -10.7,  -8.8,  -4.3,  0.2,  2.0,  0.5,  -2.5,  -5.2,  -6.8,  -7.3,  -6.6,  -5.1,  -2.8,  -1.9,  -1.4,  -1.2,  -1.4,  -1.6,  -1.8,  -0.8,  -1.8,  -4.1,  -6.4,  -7.3,  -6.4,  -4.1,  326.8,  328.4,  328.8,  327.6,  325.6,  324.1,  323.7,  324.8,  329.4,  327.9,  326.1,  325.3,  325.6,  326.2,  326.8,  325.0,  323.3,  323.0,  324.6,  327.0,  326.4,  325.9,  326.0,  326.7,  327.6,  328.1,  327.9,  327.2,  308.0,  309.3,  310.4,  310.7,  310.0,  308.7,  307.5,  307.4,  308.3,  307.9,  307.8,  308.1,  309.5,  311.8,  313.9,  311.3,  308.6,  306.6,  306.3,  307.2,  308.9,  309.1,  309.7,  310.4,  310.7,  310.6,  310.0,  309.3,  2.8,  32.4,  341.8,  -0.201,  0.031,  0.013,  463.4,  464.3,  469.4,  478.5,  495.0,  521.9,  556.7,  597.4,  644.7,  691.9,  734.3,  771.3,  800.1,  817.1,  825.3,  831.8,  835.7,  498.7,  518.9,  547.8,  578.6,  608.4,  687.5,  720.6,  751.3,  779.9,  799.6,  647.9,  647.7,  647.2,  646.7,  611.9,  629.0,  646.5,  664.4,  680.9,  536.0,  555.6,  578.7,  597.6,  578.0,  555.4,  698.6,  717.7,  740.9,  759.9,  742.1,  719.8,  581.9,  606.1,  629.6,  646.2,  664.7,  690.1,  712.9,  690.5,  666.3,  646.4,  628.0,  605.3,  593.1,  628.9,  646.0,  664.7,  702.4,  664.6,  645.8,  628.6,  375.1,  421.9,  468.4,  512.0,  549.9,  582.0,  604.5,  622.5,  629.7,  628.6,  616.4,  594.8,  562.2,  518.6,  469.3,  418.3,  368.1,  326.0,  303.5,  293.9,  294.5,  299.4,  299.1,  292.4,  292.4,  301.8,  322.4,  338.9,  367.1,  394.8,  423.6,  450.1,  455.7,  460.2,  456.0,  451.6,  352.9,  341.0,  340.0,  351.7,  356.8,  357.9,  351.9,  339.6,  341.2,  352.4,  357.6,  356.9,  518.9,  500.2,  492.2,  496.3,  492.5,  502.9,  519.4,  534.1,  539.0,  539.8,  538.1,  532.0,  518.0,  510.7,  511.9,  510.7,  518.8,  514.2,  514.8,  513.2,  -81.3,  -80.4,  -77.9,  -73.3,  -64.5,  -51.0,  -34.4,  -16.9,  1.9,  20.8,  39.5,  57.0,  71.1,  79.3,  82.8,  85.5,  87.7,  -59.8,  -50.4,  -37.9,  -24.8,  -12.5,  18.8,  32.3,  45.1,  57.0,  65.4,  3.1,  2.9,  2.7,  2.5,  -10.7,  -4.2,  2.4,  9.2,  15.5,  -42.8,  -34.5,  -24.9,  -17.2,  -25.1,  -34.4,  23.6,  31.3,  40.7,  48.6,  41.0,  32.0,  -22.9,  -13.0,  -3.9,  2.3,  9.3,  19.1,  28.5,  19.2,  9.8,  2.4,  -4.5,  -13.2,  -18.4,  -4.2,  2.3,  9.3,  24.2,  9.2,  2.2,  -4.3,  6.9,  28.4,  49.5,  69.0,  84.5,  96.0,  101.0,  103.8,  105.6,  107.5,  107.5,  101.9,  89.8,  71.0,  48.8,  26.0,  3.6,  -14.4,  -23.5,  -27.1,  -26.4,  -24.0,  -24.1,  -27.1,  -27.4,  -23.7,  -15.4,  -8.2,  2.7,  13.1,  23.3,  34.4,  36.3,  37.8,  36.3,  34.9,  -2.9,  -7.8,  -8.1,  -3.4,  -1.3,  -0.9,  -3.3,  -8.2,  -7.6,  -3.1,  -1.0,  -1.2,  62.7,  53.6,  49.8,  51.1,  49.7,  54.5,  62.4,  66.1,  66.8,  66.9,  66.7,  65.7,  61.9,  57.0,  57.2,  56.7,  61.7,  57.8,  58.0,  57.8,  402.5,  400.5,  399.7,  396.9,  389.5,  378.2,  361.5,  346.0,  342.6,  350.1,  366.9,  379.9,  388.5,  391.6,  390.9,  390.0,  392.2,  370.1,  364.3,  359.3,  353.3,  346.8,  346.1,  350.4,  354.2,  356.2,  358.9,  342.7,  335.7,  328.0,  320.9,  334.0,  331.5,  329.7,  331.1,  332.8,  360.6,  357.8,  356.2,  355.0,  354.6,  356.3,  352.8,  352.1,  352.8,  355.0,  351.8,  351.4,  345.5,  334.4,  329.6,  327.9,  328.0,  333.8,  342.5,  332.2,  326.3,  325.8,  327.6,  333.9,  343.0,  330.9,  329.4,  329.4,  339.9,  328.2,  327.9,  329.9,  2.488,  -0.064,  0.037,  0.011,  647.567,  445.344,  -3.678,  -3.469,  -18.729,  -12.200,  -5.560,  1.009,  -0.222,  0.999,  5.093,  -3.026,  -5.695,  -6.101,  9.812,  -4.535,  1.137,  1.707,  3.645,  -0.913,  -0.696,  -3.936,  1.480,  0.366,  1.068,  0.278,  -0.463,  1.750,  -0.812,  -0.575,  -0.350,  -0.420,  0.447,  -0.853,  0.014,  0.409, 0.03, 0.00, 0.00, 0.00, 0.00, 0.59, 0.09, 0.00, 0.00, 0.00, 0.17, 0.59, 0.00, 0.15, 0.00, 0.00, 0.00, 0.00, 0.00, 0.00, 1.00, 0.00, 0.00, 0.00, 0.00, 0.00, 0.00, 0.00, 0.00, 0.00, 0.00, 0.00, 0.00, 0.00, 0.00
92,  0,  3.036,  0.98,  1,  0.046971,  -0.075407,  -0.996046,  -0.149494,  0.029918,  -0.988310,  -0.052,  -0.023,  551.0,  556.1,  567.9,  579.5,  584.2,  580.0,  567.3,  555.7,  539.3,  545.7,  555.1,  567.3,  579.9,  589.4,  595.7,  588.4,  577.4,  565.3,  554.6,  545.4,  562.7,  567.7,  572.8,  575.0,  573.0,  568.0,  562.9,  560.7,  708.8,  713.5,  726.0,  738.9,  744.8,  740.1,  727.6,  713.7,  700.2,  707.3,  717.4,  730.5,  742.5,  751.6,  758.0,  751.8,  743.5,  732.9,  720.4,  709.0,  720.2,  726.8,  733.1,  735.5,  732.5,  725.9,  719.6,  717.3,  345.3,  334.2,  329.5,  333.8,  344.7,  356.8,  360.5,  356.2,  353.3,  346.4,  341.9,  339.4,  340.8,  345.2,  351.8,  355.3,  356.3,  357.2,  357.4,  356.5,  350.8,  352.6,  350.6,  345.8,  341.1,  339.3,  341.3,  346.1,  347.9,  335.2,  329.8,  335.0,  347.7,  360.5,  365.8,  361.7,  353.1,  345.3,  340.7,  339.2,  341.5,  345.8,  352.4,  354.9,  356.1,  356.6,  356.2,  355.5,  355.0,  357.6,  354.9,  348.4,  342.0,  339.4,  342.1,  348.6,  -33.2,  -31.4,  -27.0,  -22.6,  -20.7,  -22.2,  -26.8,  -31.3,  -37.9,  -35.3,  -31.6,  -27.0,  -22.3,  -18.8,  -16.5,  -19.1,  -23.1,  -27.5,  -31.6,  -35.3,  -28.8,  -26.9,  -25.0,  -24.2,  -25.0,  -27.0,  -28.8,  -29.6,  24.1,  25.8,  30.3,  35.0,  36.9,  35.1,  30.6,  25.7,  21.1,  23.5,  27.1,  31.7,  36.1,  39.6,  42.1,  39.6,  36.3,  32.4,  28.0,  24.1,  28.2,  30.5,  32.8,  33.7,  32.7,  30.3,  28.1,  27.2,  -5.5,  -9.7,  -11.4,  -9.8,  -5.7,  -1.2,  0.2,  -1.4,  -2.5,  -5.1,  -6.7,  -7.7,  -7.1,  -5.5,  -3.1,  -1.7,  -1.3,  -1.0,  -1.0,  -1.3,  -3.4,  -2.7,  -3.5,  -5.3,  -7.1,  -7.8,  -7.0,  -5.2,  -4.2,  -8.7,  -10.7,  -8.8,  -4.3,  0.2,  2.0,  0.6,  -2.4,  -5.1,  -6.8,  -7.3,  -6.5,  -5.0,  -2.7,  -1.8,  -1.4,  -1.2,  -1.3,  -1.6,  -1.8,  -0.8,  -1.8,  -4.1,  -6.4,  -7.3,  -6.3,  -4.0,  326.2,  327.7,  328.0,  326.9,  325.0,  323.6,  323.2,  324.3,  328.9,  327.2,  325.5,  324.7,  324.9,  325.6,  326.3,  324.4,  322.8,  322.5,  324.0,  326.4,  325.8,  325.3,  325.4,  326.1,  326.9,  327.4,  327.3,  326.6,  306.3,  307.7,  308.9,  309.2,  308.4,  307.0,  305.8,  305.7,  306.5,  306.1,  306.1,  306.5,  307.9,  310.2,  312.2,  309.7,  307.0,  304.9,  304.6,  305.4,  307.3,  307.4,  308.0,  308.7,  309.1,  309.0,  308.4,  307.6,  2.8,  32.5,  341.6,  -0.199,  0.030,  0.013,  463.4,  464.3,  469.4,  478.4,  494.9,  521.7,  556.4,  597.1,  644.6,  691.9,  734.2,  771.2,  800.1,  817.1,  825.3,  831.8,  835.6,  498.7,  518.8,  547.5,  578.2,  607.9,  688.0,  721.0,  751.6,  780.1,  799.7,  647.9,  647.8,  647.3,  646.8,  612.0,  629.2,  646.6,  664.6,  681.1,  536.0,  555.6,  578.8,  597.6,  578.1,  555.4,  698.7,  717.8,  741.1,  760.0,  742.3,  719.9,  582.0,  606.2,  629.9,  646.4,  664.9,  690.3,  713.1,  690.8,  666.5,  646.6,  628.3,  605.4,  593.2,  629.1,  646.2,  664.9,  702.7,  664.8,  646.0,  628.8,  374.9,  421.7,  468.1,  511.8,  549.8,  582.1,  605.0,  623.2,  630.5,  629.2,  616.7,  594.9,  562.1,  518.4,  469.2,  418.2,  368.1,  326.1,  303.7,  294.1,  294.7,  299.5,  299.2,  292.5,  292.4,  301.8,  322.2,  339.2,  367.4,  395.1,  423.9,  450.5,  456.0,  460.6,  456.3,  451.9,  353.1,  341.2,  340.2,  351.9,  357.0,  358.1,  352.0,  339.7,  341.2,  352.5,  357.7,  357.0,  519.2,  500.5,  492.4,  496.6,  492.7,  503.1,  519.6,  534.5,  539.5,  540.3,  538.6,  532.5,  518.3,  511.1,  512.2,  511.0,  519.0,  514.5,  515.2,  513.6,  -81.1,  -80.3,  -77.8,  -73.2,  -64.6,  -51.1,  -34.6,  -17.0,  1.8,  20.7,  39.5,  57.0,  71.1,  79.2,  82.8,  85.5,  87.7,  -59.7,  -50.4,  -37.9,  -24.9,  -12.7,  19.0,  32.4,  45.1,  57.0,  65.5,  3.1,  3.0,  2.7,  2.5,  -10.7,  -4.1,  2.5,  9.3,  15.6,  -42.8,  -34.5,  -24.9,  -17.2,  -25.1,  -34.4,  23.6,  31.3,  40.7,  48.7,  41.1,  32.1,  -22.9,  -12.9,  -3.8,  2.4,  9.3,  19.2,  28.6,  19.3,  9.9,  2.5,  -4.4,  -13.2,  -18.3,  -4.1,  2.3,  9.4,  24.3,  9.3,  2.2,  -4.2,  6.8,  28.2,  49.3,  68.7,  84.4,  96.0,  101.3,  104.1,  105.9,  107.7,  107.6,  102.0,  89.7,  70.9,  48.8,  26.0,  3.6,  -14.3,  -23.4,  -27.0,  -26.3,  -24.0,  -24.0,  -27.0,  -27.3,  -23.7,  -15.5,  -8.1,  2.8,  13.2,  23.4,  34.5,  36.4,  37.9,  36.4,  34.9,  -2.8,  -7.7,  -8.1,  -3.3,  -1.2,  -0.8,  -3.2,  -8.2,  -7.6,  -3.1,  -0.9,  -1.2,  62.8,  53.7,  49.8,  51.1,  49.7,  54.5,  62.5,  66.2,  66.9,  67.1,  66.8,  65.8,  62.0,  57.1,  57.3,  56.8,  61.7,  57.9,  58.1,  57.9,  401.8,  399.8,  399.1,  396.4,  389.2,  378.1,  361.6,  346.2,  342.7,  350.1,  366.8,  379.8,  388.5,  391.5,  390.8,  390.0,  392.2,  369.6,  363.9,  358.9,  353.0,  346.6,  345.8,  350.2,  354.1,  356.1,  358.8,  342.4,  335.4,  327.8,  320.6,  333.8,  331.3,  329.4,  330.9,  332.6,  360.2,  357.5,  355.9,  354.7,  354.2,  355.9,  352.6,  351.9,  352.6,  354.8,  351.6,  351.2,  345.3,  334.2,  329.4,  327.6,  327.7,  333.6,  342.4,  332.0,  326.0,  325.5,  327.3,  333.7,  342.8,  330.7,  329.1,  329.1,  339.8,  328.0,  327.7,  329.6,  2.489,  -0.063,  0.034,  0.011,  647.639,  445.540,  -3.786,  -3.875,  -18.556,  -11.869,  -5.905,  0.688,  -0.647,  0.899,  4.971,  -3.052,  -5.770,  -5.614,  9.848,  -4.649,  1.441,  1.696,  3.720,  -0.820,  -0.638,  -3.944,  1.502,  0.285,  1.093,  0.295,  -0.338,  1.862,  -0.809,  -0.552,  -0.373,  -0.435,  0.421,  -0.840,  0.001,  0.412, 0.07, 0.00, 0.00, 0.00, 0.00, 0.45, 0.08, 0.00, 0.00, 0.00, 0.09, 0.64, 0.00, 0.10, 0.00, 0.00, 0.00, 0.00, 0.00, 0.00, 1.00, 0.00, 0.00, 0.00, 0.00, 0.00, 0.00, 0.00, 0.00, 0.00, 0.00, 0.00, 0.00, 0.00, 0.00
93,  0,  3.070,  0.98,  1,  0.041057,  -0.075669,  -0.996287,  -0.156038,  0.026850,  -0.987386,  -0.058,  -0.025,  550.7,  555.8,  567.7,  579.4,  584.0,  579.7,  566.9,  555.2,  539.2,  545.6,  555.0,  567.0,  579.4,  589.2,  595.7,  588.2,  577.2,  565.2,  554.4,  545.3,  562.2,  567.4,  572.7,  575.0,  573.0,  567.8,  562.5,  560.2,  708.6,  713.3,  725.8,  738.7,  744.5,  739.8,  727.3,  713.4,  700.2,  707.1,  717.1,  730.3,  742.4,  751.6,  758.0,  751.8,  743.4,  732.8,  720.3,  708.9,  720.0,  726.6,  732.9,  735.3,  732.4,  725.8,  719.5,  717.1,  345.9,  335.0,  330.2,  334.3,  345.0,  356.9,  360.7,  356.6,  353.9,  346.9,  342.1,  339.6,  341.1,  345.6,  352.3,  355.8,  356.6,  357.5,  357.7,  357.0,  351.5,  353.3,  351.2,  346.3,  341.5,  339.7,  341.9,  346.7,  348.0,  335.3,  329.9,  335.1,  347.7,  360.5,  365.8,  361.8,  353.1,  345.2,  340.7,  339.2,  341.6,  345.8,  352.4,  354.9,  356.2,  356.6,  356.2,  355.5,  355.0,  357.6,  354.9,  348.4,  342.0,  339.4,  342.1,  348.6,  -33.1,  -31.3,  -26.9,  -22.5,  -20.6,  -22.1,  -26.8,  -31.2,  -37.6,  -35.1,  -31.4,  -26.9,  -22.3,  -18.8,  -16.4,  -19.0,  -23.0,  -27.3,  -31.4,  -35.1,  -28.7,  -26.8,  -24.8,  -24.0,  -24.9,  -26.8,  -28.8,  -29.6,  24.1,  25.9,  30.4,  35.0,  37.0,  35.1,  30.6,  25.7,  21.2,  23.6,  27.1,  31.7,  36.2,  39.7,  42.2,  39.7,  36.4,  32.4,  28.0,  24.1,  28.2,  30.5,  32.8,  33.7,  32.7,  30.4,  28.1,  27.2,  -5.2,  -9.3,  -11.1,  -9.5,  -5.5,  -1.1,  0.3,  -1.3,  -2.3,  -4.9,  -6.6,  -7.5,  -7.0,  -5.3,  -2.8,  -1.6,  -1.2,  -0.9,  -0.8,  -1.1,  -3.2,  -2.5,  -3.3,  -5.1,  -6.8,  -7.5,  -6.7,  -4.9,  -4.2,  -8.7,  -10.7,  -8.8,  -4.3,  0.2,  2.0,  0.6,  -2.4,  -5.2,  -6.8,  -7.3,  -6.5,  -5.0,  -2.7,  -1.8,  -1.3,  -1.2,  -1.3,  -1.6,  -1.8,  -0.8,  -1.8,  -4.1,  -6.4,  -7.3,  -6.3,  -4.0,  324.0,  325.7,  326.0,  324.6,  322.5,  320.8,  320.5,  321.8,  326.6,  325.1,  323.3,  322.4,  322.5,  322.9,  323.5,  321.6,  320.0,  319.8,  321.4,  324.0,  323.3,  322.7,  322.9,  323.6,  324.6,  325.2,  325.1,  324.3,  307.5,  308.8,  309.9,  310.1,  309.4,  308.0,  306.9,  306.9,  307.8,  307.4,  307.3,  307.6,  308.9,  311.1,  313.1,  310.6,  308.0,  306.0,  305.7,  306.7,  308.4,  308.5,  309.1,  309.8,  310.2,  310.1,  309.5,  308.8,  2.8,  32.5,  341.6,  -0.201,  0.033,  0.011,  463.5,  464.7,  470.0,  479.1,  495.4,  521.9,  556.4,  597.0,  644.8,  692.6,  735.3,  772.4,  800.9,  817.5,  825.3,  831.7,  835.4,  498.5,  518.6,  547.2,  577.8,  607.5,  688.0,  721.1,  751.6,  780.1,  799.5,  647.8,  647.6,  647.2,  646.7,  612.0,  629.1,  646.6,  664.5,  680.9,  535.9,  555.5,  578.6,  597.5,  577.9,  555.3,  698.6,  717.6,  741.0,  760.0,  742.2,  719.8,  581.8,  605.9,  629.6,  646.2,  664.6,  690.2,  713.2,  690.7,  666.1,  646.3,  628.0,  605.1,  593.0,  628.9,  646.0,  664.6,  702.7,  664.5,  645.7,  628.5,  376.1,  423.0,  469.3,  512.7,  550.4,  582.5,  605.1,  623.0,  630.3,  629.1,  616.8,  594.8,  561.7,  517.9,  468.8,  418.0,  368.1,  326.7,  304.3,  294.5,  294.9,  299.4,  299.0,  292.4,  292.4,  301.8,  322.2,  339.1,  367.3,  395.1,  423.9,  450.7,  456.2,  460.7,  456.5,  452.0,  353.6,  341.5,  340.5,  352.1,  357.3,  358.5,  352.1,  339.7,  341.2,  352.6,  357.8,  357.1,  519.8,  500.9,  492.8,  497.0,  493.1,  503.5,  520.1,  534.9,  539.8,  540.6,  538.9,  532.9,  518.8,  511.4,  512.5,  511.3,  519.4,  515.0,  515.6,  514.1,  -81.2,  -80.2,  -77.6,  -72.9,  -64.3,  -51.0,  -34.5,  -17.0,  1.9,  21.0,  39.9,  57.4,  71.4,  79.3,  82.6,  85.3,  87.5,  -59.8,  -50.5,  -38.1,  -25.1,  -12.9,  19.0,  32.5,  45.2,  57.0,  65.4,  3.1,  2.9,  2.7,  2.4,  -10.7,  -4.1,  2.5,  9.3,  15.6,  -42.9,  -34.6,  -25.0,  -17.2,  -25.1,  -34.5,  23.6,  31.2,  40.7,  48.6,  41.0,  32.0,  -23.0,  -13.0,  -3.9,  2.3,  9.2,  19.1,  28.6,  19.2,  9.7,  2.3,  -4.5,  -13.3,  -18.4,  -4.2,  2.2,  9.3,  24.3,  9.2,  2.1,  -4.3,  7.4,  28.8,  49.9,  69.2,  84.7,  96.2,  101.3,  104.0,  105.7,  107.5,  107.6,  101.8,  89.5,  70.6,  48.5,  25.8,  3.6,  -14.1,  -23.2,  -26.9,  -26.3,  -24.0,  -24.1,  -27.1,  -27.3,  -23.7,  -15.5,  -8.2,  2.8,  13.2,  23.4,  34.6,  36.4,  37.9,  36.5,  35.0,  -2.6,  -7.5,  -7.9,  -3.2,  -1.1,  -0.6,  -3.2,  -8.1,  -7.6,  -3.0,  -0.9,  -1.2,  63.1,  53.8,  50.0,  51.3,  49.8,  54.7,  62.6,  66.3,  67.0,  67.2,  66.9,  65.9,  62.3,  57.2,  57.4,  56.9,  61.9,  58.1,  58.3,  58.0,  402.4,  400.2,  399.3,  396.4,  389.2,  378.1,  361.6,  345.9,  342.2,  349.6,  366.5,  379.5,  388.1,  390.9,  390.2,  389.4,  391.7,  369.9,  364.1,  359.2,  353.2,  346.6,  345.9,  350.3,  354.1,  356.0,  358.6,  342.4,  335.4,  327.8,  320.6,  333.8,  331.3,  329.4,  330.8,  332.5,  360.4,  357.7,  356.1,  354.9,  354.4,  356.1,  352.6,  351.9,  352.5,  354.8,  351.5,  351.2,  345.5,  334.4,  329.4,  327.6,  327.7,  333.5,  342.3,  331.8,  325.8,  325.4,  327.3,  333.8,  342.9,  330.7,  329.1,  329.0,  339.7,  327.8,  327.6,  329.6,  2.490,  -0.065,  0.039,  0.009,  647.608,  445.784,  -4.227,  -3.341,  -18.697,  -11.962,  -5.647,  0.689,  -1.194,  0.786,  5.198,  -2.535,  -5.835,  -5.808,  9.817,  -4.726,  1.394,  1.782,  4.363,  -0.677,  -0.872,  -4.041,  1.580,  0.550,  1.251,  0.332,  -0.413,  1.765,  -0.963,  -0.575,  -0.361,  -0.400,  0.403,  -0.853,  0.036,  0.414, 0.06, 0.00, 0.00, 0.00, 0.00, 0.50, 0.09, 0.00, 0.00, 0.00, 0.04, 0.65, 0.00, 0.13, 0.00, 0.00, 0.00, 0.00, 0.00, 0.00, 1.00, 0.00, 0.00, 0.00, 0.00, 0.00, 0.00, 0.00, 0.00, 0.00, 0.00, 0.00, 0.00, 0.00, 0.00
94,  0,  3.103,  0.98,  1,  0.041953,  -0.080263,  -0.995890,  -0.152938,  0.023947,  -0.987946,  -0.056,  -0.028,  550.4,  555.5,  567.3,  578.9,  583.5,  579.3,  566.6,  555.0,  538.8,  545.3,  554.7,  566.7,  579.2,  588.8,  595.2,  587.9,  576.8,  564.7,  554.0,  544.8,  562.1,  567.1,  572.2,  574.4,  572.4,  567.4,  562.3,  560.1,  708.1,  712.5,  725.0,  738.1,  744.2,  739.8,  727.3,  713.3,  699.5,  706.6,  716.7,  729.8,  741.9,  751.0,  757.6,  751.4,  743.0,  732.4,  719.9,  708.4,  719.8,  726.4,  732.6,  734.9,  731.7,  725.1,  718.9,  716.6,  346.0,  335.2,  330.4,  334.5,  345.0,  356.9,  360.6,  356.5,  354.0,  347.1,  342.5,  340.0,  341.4,  345.9,  352.3,  356.0,  356.9,  357.8,  358.1,  357.3,  351.3,  353.1,  351.0,  346.4,  341.8,  340.1,  342.1,  346.8,  348.1,  335.4,  329.9,  334.9,  347.5,  360.2,  365.7,  361.8,  353.4,  345.5,  340.7,  339.2,  341.6,  345.9,  352.6,  355.1,  356.2,  356.6,  356.3,  355.7,  355.1,  357.6,  354.8,  348.4,  342.1,  339.6,  342.4,  348.8,  -33.3,  -31.6,  -27.2,  -22.8,  -20.9,  -22.4,  -27.0,  -31.4,  -37.9,  -35.4,  -31.7,  -27.1,  -22.5,  -19.0,  -16.6,  -19.3,  -23.2,  -27.7,  -31.8,  -35.4,  -28.9,  -27.0,  -25.2,  -24.4,  -25.2,  -27.1,  -29.0,  -29.8,  23.7,  25.4,  29.9,  34.5,  36.6,  34.8,  30.3,  25.4,  20.7,  23.2,  26.7,  31.3,  35.7,  39.2,  41.7,  39.2,  35.9,  32.0,  27.7,  23.7,  27.9,  30.2,  32.4,  33.3,  32.3,  29.9,  27.7,  26.8,  -5.2,  -9.3,  -11.1,  -9.5,  -5.5,  -1.1,  0.2,  -1.3,  -2.2,  -4.8,  -6.5,  -7.4,  -6.9,  -5.2,  -2.9,  -1.5,  -1.1,  -0.8,  -0.7,  -1.0,  -3.2,  -2.6,  -3.3,  -5.1,  -6.8,  -7.4,  -6.7,  -4.9,  -4.1,  -8.6,  -10.6,  -8.8,  -4.4,  0.1,  2.0,  0.6,  -2.3,  -5.1,  -6.7,  -7.2,  -6.5,  -5.0,  -2.6,  -1.7,  -1.3,  -1.2,  -1.3,  -1.5,  -1.7,  -0.8,  -1.8,  -4.1,  -6.3,  -7.2,  -6.2,  -3.9,  325.5,  327.3,  327.6,  326.3,  324.1,  322.4,  322.0,  323.3,  328.1,  326.6,  324.9,  324.0,  324.2,  324.6,  325.2,  323.2,  321.6,  321.4,  323.0,  325.5,  324.9,  324.4,  324.5,  325.3,  326.2,  326.8,  326.6,  325.9,  304.8,  306.4,  307.7,  307.9,  306.9,  305.3,  304.0,  303.9,  304.9,  304.6,  304.6,  305.0,  306.4,  308.6,  310.6,  308.0,  305.2,  303.2,  302.9,  303.7,  305.6,  305.7,  306.4,  307.2,  307.7,  307.6,  306.9,  306.1,  2.7,  32.6,  341.7,  -0.199,  0.034,  0.009,  463.5,  464.6,  469.8,  478.9,  495.2,  521.8,  556.3,  597.2,  645.0,  692.6,  735.2,  772.2,  800.9,  817.5,  825.3,  831.6,  835.3,  498.1,  518.3,  546.8,  577.4,  607.0,  687.2,  720.3,  750.9,  779.4,  799.2,  647.2,  647.0,  646.7,  646.2,  611.8,  628.9,  646.3,  664.1,  680.6,  535.5,  555.0,  578.2,  597.1,  577.6,  554.9,  698.1,  717.2,  740.5,  759.6,  741.7,  719.4,  581.5,  605.8,  629.6,  646.2,  664.5,  690.3,  713.5,  690.9,  666.3,  646.5,  628.2,  605.2,  592.7,  629.0,  646.0,  664.7,  703.0,  664.5,  645.8,  628.6,  376.4,  423.0,  469.1,  512.4,  550.1,  582.4,  605.3,  623.7,  631.1,  629.8,  617.3,  595.0,  561.8,  517.8,  468.5,  417.7,  367.6,  326.5,  304.4,  294.8,  295.2,  299.6,  299.2,  292.5,  292.5,  301.7,  321.8,  339.3,  367.4,  395.2,  424.0,  451.1,  456.5,  461.0,  456.7,  452.2,  353.9,  341.8,  340.7,  352.3,  357.6,  358.8,  352.2,  339.9,  341.3,  352.6,  357.9,  357.2,  520.0,  501.4,  493.4,  497.5,  493.6,  503.7,  519.9,  535.0,  540.1,  540.9,  539.3,  533.3,  519.2,  512.0,  513.1,  511.8,  519.4,  515.2,  515.9,  514.3,  -81.1,  -80.2,  -77.6,  -73.0,  -64.4,  -51.1,  -34.6,  -16.9,  2.0,  21.0,  39.9,  57.3,  71.3,  79.3,  82.6,  85.2,  87.4,  -60.0,  -50.6,  -38.2,  -25.3,  -13.0,  18.7,  32.1,  44.8,  56.7,  65.2,  2.8,  2.7,  2.5,  2.3,  -10.8,  -4.2,  2.4,  9.1,  15.4,  -43.0,  -34.8,  -25.2,  -17.4,  -25.3,  -34.6,  23.4,  31.0,  40.5,  48.5,  40.9,  31.8,  -23.1,  -13.1,  -3.9,  2.3,  9.2,  19.2,  28.8,  19.3,  9.8,  2.4,  -4.4,  -13.3,  -18.6,  -4.2,  2.3,  9.3,  24.5,  9.2,  2.2,  -4.3,  7.5,  28.8,  49.8,  69.1,  84.5,  96.1,  101.4,  104.3,  106.1,  107.8,  107.8,  101.9,  89.5,  70.5,  48.4,  25.7,  3.4,  -14.2,  -23.2,  -26.8,  -26.2,  -23.9,  -24.0,  -27.0,  -27.3,  -23.7,  -15.7,  -8.1,  2.8,  13.2,  23.4,  34.7,  36.6,  38.0,  36.6,  35.0,  -2.5,  -7.4,  -7.8,  -3.1,  -1.0,  -0.5,  -3.1,  -8.1,  -7.5,  -3.0,  -0.9,  -1.1,  63.2,  54.1,  50.2,  51.5,  50.0,  54.8,  62.6,  66.4,  67.1,  67.3,  67.1,  66.1,  62.4,  57.5,  57.6,  57.1,  61.9,  58.2,  58.4,  58.1,  402.1,  400.1,  399.2,  396.4,  389.1,  378.0,  361.6,  345.9,  342.4,  349.8,  366.6,  379.5,  388.1,  390.9,  390.1,  389.2,  391.4,  370.0,  364.1,  359.1,  353.1,  346.5,  345.7,  350.1,  353.9,  355.8,  358.4,  342.4,  335.3,  327.7,  320.5,  333.8,  331.3,  329.4,  330.9,  332.5,  360.5,  357.8,  356.1,  355.0,  354.5,  356.2,  352.6,  351.9,  352.5,  354.7,  351.5,  351.2,  345.7,  334.4,  329.5,  327.8,  327.8,  333.6,  342.4,  331.9,  325.9,  325.5,  327.3,  333.8,  343.1,  330.8,  329.2,  329.2,  339.8,  327.9,  327.6,  329.6,  2.490,  -0.063,  0.039,  0.008,  647.407,  445.966,  -4.689,  -3.803,  -18.576,  -11.924,  -5.853,  0.888,  -1.390,  1.036,  5.378,  -2.633,  -5.954,  -6.021,  9.196,  -5.016,  1.220,  1.526,  4.036,  -0.725,  -0.687,  -4.131,  1.626,  0.383,  1.001,  0.518,  -0.626,  1.905,  -1.012,  -0.445,  -0.344,  -0.407,  0.444,  -0.892,  0.034,  0.401, 0.06, 0.00, 0.00, 0.00, 0.00, 0.68, 0.09, 0.00, 0.00, 0.00, 0.05, 0.68, 0.00, 0.11, 0.00, 0.00, 0.13, 0.00, 0.00, 0.00, 1.00, 0.00, 0.00, 0.00, 0.00, 0.00, 0.00, 0.00, 1.00, 0.00, 0.00, 0.00, 0.00, 0.00, 0.00
95,  0,  3.136,  0.98,  1,  0.106529,  0.060202,  -0.992485,  -0.138485,  0.054727,  -0.988851,  -0.016,  0.058,  553.1,  557.7,  569.4,  581.4,  586.5,  582.9,  570.2,  558.3,  540.3,  546.6,  555.3,  566.4,  578.7,  589.4,  597.9,  589.3,  578.0,  566.0,  555.2,  546.5,  564.9,  570.5,  576.1,  578.3,  575.8,  570.2,  564.6,  562.4,  708.5,  713.0,  724.5,  736.4,  741.6,  737.1,  725.6,  712.8,  697.5,  705.7,  716.3,  728.7,  740.0,  748.8,  755.1,  749.3,  740.9,  730.2,  718.1,  706.5,  719.4,  724.8,  730.0,  732.1,  729.7,  724.3,  719.0,  717.0,  351.6,  339.2,  333.3,  337.5,  349.2,  362.6,  367.5,  363.3,  355.2,  349.9,  345.8,  343.5,  344.3,  347.6,  352.8,  355.9,  357.0,  358.0,  358.2,  357.5,  357.1,  359.1,  356.3,  350.4,  344.9,  342.9,  345.6,  351.5,  348.8,  337.2,  332.8,  338.1,  350.1,  361.8,  366.2,  361.9,  353.7,  348.3,  344.5,  343.1,  345.1,  349.1,  354.4,  355.9,  356.2,  356.1,  355.7,  355.7,  355.4,  357.9,  355.9,  350.5,  345.1,  342.6,  344.6,  350.0,  -32.0,  -30.3,  -26.0,  -21.5,  -19.5,  -20.8,  -25.5,  -30.0,  -37.3,  -34.6,  -31.1,  -26.9,  -22.3,  -18.5,  -15.4,  -18.5,  -22.5,  -26.9,  -31.1,  -34.6,  -27.6,  -25.5,  -23.4,  -22.7,  -23.6,  -25.7,  -27.8,  -28.6,  24.9,  26.7,  31.0,  35.4,  37.3,  35.4,  31.1,  26.4,  20.9,  23.9,  27.7,  32.3,  36.6,  40.2,  42.9,  40.3,  36.8,  32.7,  28.2,  24.1,  29.0,  31.0,  33.0,  33.8,  32.9,  30.9,  28.9,  28.1,  -3.1,  -7.7,  -9.8,  -8.2,  -3.9,  1.0,  2.7,  1.2,  -1.8,  -3.8,  -5.2,  -6.0,  -5.7,  -4.5,  -2.6,  -1.5,  -1.1,  -0.7,  -0.7,  -0.9,  -1.1,  -0.3,  -1.4,  -3.5,  -5.6,  -6.3,  -5.3,  -3.1,  -4.1,  -8.3,  -10.0,  -8.0,  -3.6,  0.6,  2.3,  0.7,  -2.3,  -4.3,  -5.6,  -6.2,  -5.4,  -4.0,  -2.1,  -1.5,  -1.4,  -1.4,  -1.5,  -1.6,  -1.7,  -0.8,  -1.5,  -3.5,  -5.5,  -6.4,  -5.6,  -3.7,  322.1,  322.7,  322.2,  320.9,  319.5,  319.1,  319.4,  320.7,  326.9,  324.1,  321.3,  319.6,  319.1,  319.4,  320.2,  318.9,  318.0,  318.4,  320.4,  323.5,  321.6,  321.0,  320.8,  321.0,  321.7,  322.3,  322.5,  322.2,  318.3,  320.0,  321.4,  321.9,  320.9,  319.3,  317.8,  317.5,  318.5,  317.9,  317.7,  318.4,  320.3,  323.2,  326.1,  322.4,  319.2,  317.1,  316.4,  317.2,  319.4,  319.6,  320.2,  321.0,  321.4,  321.2,  320.6,  319.8,  2.6,  32.7,  341.5,  -0.193,  0.033,  0.010,  463.6,  464.6,  469.7,  478.8,  495.3,  521.6,  555.7,  595.9,  643.9,  691.8,  734.9,  771.9,  800.5,  817.1,  824.9,  831.4,  835.5,  498.8,  518.3,  546.5,  577.1,  606.8,  686.5,  719.7,  750.3,  779.0,  798.9,  646.8,  646.7,  646.3,  645.8,  611.1,  628.3,  646.0,  664.2,  680.8,  536.9,  556.4,  578.5,  597.5,  578.3,  556.8,  696.9,  716.1,  738.5,  757.7,  739.3,  717.8,  581.1,  605.2,  629.1,  645.9,  664.5,  690.1,  713.1,  690.6,  666.3,  646.2,  627.8,  604.7,  592.2,  628.5,  645.7,  664.6,  702.8,  664.4,  645.5,  628.2,  376.4,  423.0,  469.2,  512.6,  550.0,  581.9,  604.2,  622.5,  630.6,  629.6,  617.7,  595.4,  562.1,  517.9,  468.4,  417.7,  368.2,  326.8,  304.7,  294.8,  295.3,  299.7,  298.9,  292.5,  292.5,  302.0,  322.1,  340.1,  368.0,  395.5,  424.1,  450.2,  456.0,  460.6,  456.2,  451.6,  355.1,  345.1,  343.7,  352.8,  357.7,  359.1,  352.6,  342.9,  344.5,  353.9,  358.4,  357.5,  519.7,  501.5,  493.6,  497.7,  493.9,  504.0,  519.9,  534.9,  540.2,  541.1,  539.4,  533.3,  518.9,  512.0,  513.1,  511.9,  519.6,  514.9,  515.5,  514.0,  -81.1,  -80.2,  -77.8,  -73.2,  -64.5,  -51.3,  -34.9,  -17.4,  1.5,  20.8,  39.9,  57.5,  71.5,  79.5,  82.7,  85.3,  87.7,  -59.8,  -50.7,  -38.3,  -25.3,  -13.1,  18.3,  31.8,  44.5,  56.5,  65.2,  2.7,  2.6,  2.4,  2.1,  -11.0,  -4.4,  2.3,  9.1,  15.5,  -42.4,  -34.1,  -25.0,  -17.2,  -25.0,  -33.8,  22.9,  30.6,  39.6,  47.6,  39.8,  31.2,  -23.3,  -13.3,  -4.1,  2.2,  9.2,  19.1,  28.6,  19.2,  9.8,  2.3,  -4.6,  -13.5,  -18.7,  -4.3,  2.2,  9.3,  24.4,  9.1,  2.1,  -4.5,  7.5,  28.8,  49.9,  69.3,  84.7,  96.1,  101.0,  103.8,  106.0,  108.0,  108.4,  102.6,  90.1,  70.8,  48.5,  25.7,  3.7,  -14.0,  -23.0,  -26.7,  -26.0,  -23.8,  -24.0,  -26.9,  -27.3,  -23.6,  -15.6,  -7.8,  3.1,  13.3,  23.4,  34.4,  36.3,  37.8,  36.3,  34.8,  -2.0,  -6.1,  -6.6,  -2.9,  -0.9,  -0.4,  -3.0,  -6.9,  -6.2,  -2.5,  -0.6,  -1.0,  63.1,  54.1,  50.3,  51.5,  50.1,  54.8,  62.6,  66.3,  67.1,  67.3,  67.1,  66.1,  62.3,  57.4,  57.6,  57.1,  62.0,  58.0,  58.2,  58.0,  402.2,  400.1,  399.6,  397.2,  390.0,  379.1,  361.7,  345.9,  342.8,  350.5,  368.2,  381.5,  390.0,  392.6,  391.3,  390.1,  392.6,  370.5,  364.2,  358.7,  352.4,  345.1,  343.7,  348.7,  353.2,  356.0,  359.3,  341.5,  334.6,  327.0,  319.9,  333.6,  331.0,  329.0,  330.7,  332.6,  360.3,  357.3,  355.8,  354.8,  354.2,  355.7,  352.0,  351.3,  351.8,  354.1,  350.9,  350.7,  345.9,  334.3,  329.2,  327.3,  327.3,  333.2,  342.6,  331.5,  325.6,  325.1,  327.1,  333.8,  343.1,  330.7,  329.1,  329.0,  340.1,  327.5,  327.2,  329.3,  2.490,  -0.056,  0.037,  0.008,  647.092,  446.195,  -0.269,  -4.309,  -17.405,  -11.079,  -6.364,  1.037,  -0.894,  0.897,  3.809,  -2.070,  -6.395,  -7.815,  9.228,  -5.717,  1.715,  2.258,  3.889,  -2.042,  -2.646,  -5.675,  3.015,  -0.476,  2.064,  -0.409,  -1.086,  2.371,  -1.018,  -0.050,  -0.171,  -0.307,  0.559,  -0.804,  0.057,  0.164, 0.03, 0.00, 0.01, 0.00, 0.00, 0.88, 0.16, 0.00, 0.00, 0.00, 0.05, 0.61, 0.09, 0.08, 0.00, 0.00, 0.92, 0.00, 0.00, 0.00, 0.00, 0.00, 0.00, 0.00, 0.00, 0.00, 0.00, 0.00, 1.00, 0.00, 0.00, 0.00, 0.00, 0.00, 1.00
96,  0,  3.170,  0.98,  1,  0.074066,  0.093083,  -0.992900,  -0.167292,  0.174714,  -0.970303,  -0.047,  0.136,  554.5,  557.6,  567.1,  577.4,  582.6,  580.3,  570.0,  559.7,  540.6,  547.7,  556.7,  567.0,  577.6,  587.0,  594.4,  588.1,  578.2,  567.2,  556.7,  547.5,  564.9,  569.3,  573.3,  574.6,  572.4,  568.0,  564.0,  562.8,  708.5,  713.3,  724.2,  734.8,  739.0,  734.2,  723.3,  712.0,  699.5,  706.0,  714.7,  726.3,  738.4,  748.7,  757.4,  748.6,  738.3,  727.2,  715.8,  706.1,  719.5,  723.9,  728.5,  730.5,  728.8,  724.3,  719.7,  717.7,  355.8,  345.4,  340.2,  343.1,  352.5,  363.6,  368.1,  365.2,  359.1,  355.7,  352.7,  350.8,  350.9,  351.9,  352.7,  356.4,  357.6,  359.1,  360.4,  360.8,  359.3,  360.5,  358.3,  353.9,  349.9,  348.7,  350.9,  355.3,  356.7,  345.7,  341.6,  346.8,  358.3,  369.3,  373.4,  368.8,  355.5,  353.5,  352.6,  352.8,  354.5,  356.5,  359.2,  362.8,  364.2,  364.2,  362.7,  360.3,  361.8,  364.0,  362.3,  357.6,  352.8,  350.6,  352.3,  357.0,  -36.8,  -35.6,  -31.5,  -27.0,  -24.7,  -25.6,  -30.0,  -34.5,  -43.4,  -40.0,  -35.9,  -31.3,  -26.8,  -22.9,  -19.8,  -22.3,  -26.5,  -31.1,  -35.8,  -40.0,  -32.4,  -30.4,  -28.7,  -28.2,  -29.2,  -31.1,  -32.8,  -33.3,  27.2,  29.0,  33.2,  37.3,  39.0,  37.2,  33.0,  28.6,  23.7,  26.1,  29.4,  33.8,  38.6,  42.9,  46.7,  42.9,  38.7,  34.2,  29.8,  26.2,  31.5,  33.3,  35.1,  35.8,  35.1,  33.4,  31.6,  30.8,  -1.8,  -6.3,  -8.6,  -7.3,  -3.2,  1.6,  3.5,  2.2,  -0.4,  -1.8,  -3.1,  -3.9,  -3.9,  -3.5,  -3.1,  -1.5,  -1.0,  -0.4,  0.2,  0.4,  -0.3,  0.2,  -0.7,  -2.6,  -4.3,  -4.9,  -3.9,  -2.0,  -1.3,  -5.7,  -7.3,  -5.2,  -0.7,  3.7,  5.3,  3.5,  -1.8,  -2.6,  -2.9,  -2.8,  -2.1,  -1.4,  -0.3,  1.1,  1.7,  1.7,  1.1,  0.1,  0.7,  1.6,  0.9,  -0.9,  -2.9,  -3.7,  -3.0,  -1.2,  376.8,  377.7,  377.9,  377.4,  376.4,  375.7,  375.3,  375.8,  382.2,  379.0,  376.6,  375.3,  375.6,  377.2,  379.1,  376.7,  374.8,  374.5,  375.7,  378.4,  377.1,  376.9,  377.0,  377.3,  377.8,  378.0,  377.9,  377.5,  346.9,  345.9,  345.0,  344.5,  344.8,  345.7,  346.7,  347.5,  348.9,  346.3,  343.9,  342.7,  343.5,  345.4,  348.4,  346.0,  344.3,  343.6,  344.4,  346.7,  347.2,  347.0,  346.6,  346.2,  346.1,  346.3,  346.7,  347.1,  2.5,  33.3,  343.2,  -0.187,  0.035,  0.010,  463.6,  464.6,  469.2,  478.5,  495.5,  522.6,  556.2,  595.8,  644.0,  692.2,  735.7,  772.3,  800.5,  816.6,  824.0,  831.1,  836.2,  499.8,  518.5,  546.1,  576.7,  606.6,  686.0,  719.1,  749.3,  777.6,  798.0,  646.4,  646.2,  645.7,  645.2,  610.0,  627.5,  645.7,  664.2,  681.2,  537.3,  556.9,  577.3,  596.4,  577.7,  558.0,  697.1,  716.5,  737.5,  756.7,  737.4,  717.3,  581.0,  605.0,  628.7,  645.8,  664.5,  689.9,  712.7,  690.2,  666.1,  646.0,  627.4,  604.5,  592.0,  628.1,  645.6,  664.5,  702.3,  664.4,  645.4,  627.9,  375.4,  422.6,  469.5,  513.3,  550.7,  582.2,  603.7,  621.9,  630.7,  630.0,  618.0,  596.0,  562.4,  517.5,  467.4,  417.1,  368.6,  327.1,  304.7,  294.0,  294.5,  298.6,  298.7,  293.5,  294.1,  303.0,  321.7,  342.2,  369.3,  395.9,  423.7,  449.3,  455.4,  460.4,  455.6,  450.8,  358.9,  352.2,  350.2,  354.7,  359.9,  361.6,  355.7,  351.3,  353.8,  359.7,  363.0,  361.5,  518.6,  501.0,  493.6,  497.8,  494.3,  504.3,  520.1,  535.0,  540.6,  541.4,  539.6,  533.4,  518.1,  512.1,  513.5,  512.6,  519.7,  514.4,  514.9,  513.4,  -81.6,  -80.8,  -78.7,  -74.0,  -64.9,  -51.1,  -34.7,  -17.5,  1.6,  21.1,  40.8,  58.2,  72.0,  79.6,  82.4,  85.2,  88.1,  -59.7,  -50.9,  -38.7,  -25.6,  -13.2,  18.1,  31.6,  44.2,  56.1,  65.0,  2.5,  2.4,  2.1,  1.9,  -11.5,  -4.7,  2.1,  9.2,  15.7,  -42.4,  -34.0,  -25.6,  -17.7,  -25.3,  -33.5,  23.0,  30.8,  39.3,  47.3,  39.2,  31.1,  -23.4,  -13.4,  -4.3,  2.2,  9.2,  19.1,  28.6,  19.1,  9.8,  2.2,  -4.7,  -13.6,  -18.9,  -4.5,  2.1,  9.3,  24.3,  9.2,  2.0,  -4.6,  7.1,  28.8,  50.4,  70.3,  85.6,  96.7,  100.8,  103.8,  106.9,  109.4,  109.9,  103.9,  90.8,  71.0,  48.1,  25.5,  3.9,  -14.0,  -23.2,  -27.2,  -26.5,  -24.3,  -24.1,  -26.5,  -26.7,  -23.2,  -15.7,  -7.0,  3.6,  13.5,  23.5,  34.2,  36.3,  38.0,  36.4,  34.8,  -0.5,  -3.2,  -4.0,  -2.2,  -0.0,  0.7,  -1.7,  -3.5,  -2.5,  -0.1,  1.2,  0.6,  62.9,  54.1,  50.5,  51.8,  50.5,  55.2,  63.0,  66.7,  67.7,  67.8,  67.5,  66.4,  62.2,  57.8,  58.1,  57.7,  62.4,  58.1,  58.2,  58.0,  404.6,  402.8,  403.2,  401.2,  392.9,  380.8,  362.0,  346.8,  345.5,  354.4,  372.6,  385.4,  392.7,  394.2,  391.7,  390.4,  393.1,  372.6,  366.2,  360.3,  353.7,  345.6,  343.8,  349.4,  354.1,  356.8,  360.0,  342.6,  336.1,  328.8,  322.1,  335.3,  333.1,  331.1,  332.9,  334.8,  361.4,  358.4,  357.2,  356.3,  355.7,  356.9,  353.1,  352.2,  352.6,  355.0,  352.2,  352.0,  346.8,  335.6,  330.8,  329.1,  329.2,  334.7,  344.3,  333.3,  327.8,  326.9,  328.6,  335.0,  344.1,  332.4,  330.9,  330.9,  341.7,  329.5,  329.0,  330.9,  2.478,  -0.048,  0.042,  0.008,  646.852,  447.073,  1.478,  -1.771,  -18.386,  -13.451,  -6.842,  -0.826,  -1.044,  1.838,  1.161,  -3.978,  -8.605,  -11.336,  9.372,  -6.920,  0.086,  0.864,  0.855,  -3.961,  -5.451,  -7.632,  5.052,  -1.075,  3.396,  -2.380,  -2.616,  2.309,  -1.403,  0.015,  -0.648,  -0.799,  0.781,  -0.734,  -0.460,  0.729, 0.07, 0.00, 0.01, 0.00, 0.00, 0.81, 0.22, 0.00, 0.00, 0.00, 0.08, 0.61, 0.11, 0.03, 0.00, 0.00, 1.85, 0.00, 0.00, 0.00, 0.00, 0.00, 0.00, 0.00, 0.00, 0.00, 0.00, 0.00, 1.00, 0.00, 0.00, 0.00, 0.00, 0.00, 1.00
97,  0,  3.203,  0.98,  1,  0.084636,  0.111315,  -0.990175,  -0.208417,  0.205016,  -0.956311,  -0.064,  0.161,  553.4,  556.7,  566.7,  577.5,  582.9,  580.3,  569.6,  558.7,  537.3,  544.8,  554.8,  566.9,  578.7,  587.8,  594.5,  588.2,  578.5,  567.1,  555.9,  545.7,  564.1,  568.5,  572.6,  574.0,  571.8,  567.4,  563.3,  562.0,  705.9,  711.5,  723.8,  735.7,  740.2,  734.6,  722.3,  709.5,  697.0,  705.1,  715.5,  728.1,  740.0,  749.6,  757.5,  750.2,  740.5,  729.5,  716.6,  704.7,  718.0,  722.7,  727.7,  729.9,  728.1,  723.3,  718.4,  716.2,  359.0,  348.3,  342.9,  346.0,  355.7,  366.8,  371.8,  368.7,  360.5,  358.6,  356.6,  354.5,  353.4,  353.1,  353.6,  358.5,  361.9,  364.2,  365.1,  364.1,  361.4,  362.6,  360.4,  356.1,  352.1,  350.9,  353.1,  357.4,  359.8,  347.5,  342.9,  348.6,  361.2,  373.5,  378.1,  373.3,  355.2,  354.5,  354.6,  355.5,  357.2,  358.6,  361.3,  365.3,  367.2,  367.5,  365.4,  361.9,  365.3,  367.6,  365.7,  360.8,  355.7,  353.5,  355.3,  360.2,  -34.8,  -33.3,  -29.3,  -25.0,  -23.0,  -24.1,  -28.5,  -32.8,  -41.8,  -38.4,  -34.1,  -29.1,  -24.5,  -21.0,  -18.4,  -20.9,  -24.7,  -29.2,  -33.8,  -38.1,  -30.6,  -28.8,  -27.2,  -26.6,  -27.4,  -29.2,  -30.8,  -31.4,  24.4,  26.5,  31.1,  35.5,  37.1,  35.1,  30.5,  25.8,  21.2,  24.1,  27.8,  32.4,  37.0,  40.8,  44.2,  41.0,  37.2,  32.9,  28.2,  23.9,  29.0,  30.8,  32.6,  33.4,  32.7,  31.0,  29.1,  28.3,  -0.4,  -4.7,  -6.8,  -5.6,  -1.7,  2.7,  4.8,  3.5,  0.2,  -0.6,  -1.4,  -2.2,  -2.6,  -2.8,  -2.6,  -0.6,  0.7,  1.7,  2.0,  1.6,  0.6,  1.1,  0.2,  -1.6,  -3.2,  -3.7,  -2.8,  -1.0,  -0.1,  -4.6,  -6.3,  -4.2,  0.5,  5.0,  6.7,  4.9,  -1.8,  -2.1,  -2.0,  -1.7,  -1.0,  -0.5,  0.5,  2.0,  2.7,  2.7,  2.0,  0.7,  2.0,  2.8,  2.1,  0.3,  -1.6,  -2.4,  -1.7,  0.1,  351.2,  349.9,  349.5,  350.2,  351.7,  353.5,  353.5,  352.7,  356.1,  352.6,  350.1,  348.7,  349.7,  352.1,  354.7,  352.9,  351.0,  350.5,  351.5,  353.4,  352.8,  353.1,  352.9,  352.4,  351.8,  351.4,  351.6,  352.1,  324.4,  324.2,  324.2,  324.2,  324.4,  324.6,  324.7,  324.9,  325.3,  323.6,  322.3,  322.1,  323.4,  325.6,  328.8,  326.0,  323.6,  321.9,  321.9,  323.5,  325.4,  325.4,  325.4,  325.3,  325.2,  325.2,  325.2,  325.3,  2.6,  33.3,  341.5,  -0.192,  0.029,  0.009,  463.7,  464.6,  469.0,  478.5,  495.5,  522.5,  556.3,  596.0,  644.4,  692.6,  735.8,  772.2,  800.2,  816.2,  823.7,  830.9,  836.1,  499.1,  518.5,  546.2,  576.9,  606.9,  685.3,  718.5,  748.9,  777.6,  799.1,  646.2,  646.2,  645.8,  645.3,  610.0,  627.7,  645.9,  664.4,  681.4,  535.9,  555.9,  576.7,  596.7,  577.2,  557.1,  696.7,  717.3,  738.6,  758.3,  738.6,  717.8,  581.2,  605.4,  628.9,  646.0,  664.7,  690.1,  713.0,  690.3,  666.4,  646.2,  627.6,  604.7,  592.3,  628.3,  645.8,  664.7,  702.6,  664.5,  645.5,  628.0,  375.9,  422.4,  468.9,  512.8,  550.1,  581.8,  603.6,  621.9,  630.8,  630.3,  618.7,  596.5,  562.6,  517.4,  467.4,  417.2,  368.7,  327.1,  305.0,  294.5,  294.7,  298.4,  298.0,  293.0,  293.7,  302.8,  321.6,  343.0,  369.6,  395.6,  422.8,  449.4,  455.5,  460.4,  455.9,  451.4,  361.5,  355.0,  353.0,  357.1,  362.6,  364.6,  357.7,  353.5,  356.1,  361.7,  365.4,  363.9,  518.6,  500.8,  493.0,  497.2,  493.6,  504.1,  520.0,  535.0,  540.6,  541.5,  539.8,  533.6,  518.0,  511.9,  513.4,  512.3,  519.5,  513.8,  514.4,  512.9,  -81.2,  -80.4,  -78.3,  -73.6,  -64.7,  -51.1,  -34.6,  -17.4,  1.7,  21.3,  40.8,  58.3,  72.0,  79.5,  82.4,  85.5,  88.6,  -59.9,  -50.8,  -38.5,  -25.4,  -13.0,  17.7,  31.2,  44.0,  56.2,  65.5,  2.4,  2.4,  2.2,  1.9,  -11.4,  -4.7,  2.2,  9.2,  15.8,  -43.0,  -34.4,  -25.8,  -17.6,  -25.4,  -33.7,  22.8,  31.1,  39.7,  48.0,  39.6,  31.3,  -23.2,  -13.2,  -4.2,  2.2,  9.2,  19.0,  28.6,  19.0,  9.8,  2.3,  -4.6,  -13.4,  -18.7,  -4.4,  2.2,  9.3,  24.3,  9.2,  2.1,  -4.5,  7.3,  28.6,  49.9,  69.7,  85.1,  96.4,  100.7,  103.7,  107.0,  109.5,  110.3,  104.2,  91.0,  71.0,  48.2,  25.6,  3.9,  -14.0,  -23.0,  -26.9,  -26.3,  -24.2,  -24.2,  -26.7,  -26.8,  -23.3,  -15.8,  -6.6,  3.7,  13.3,  23.0,  34.1,  36.2,  37.8,  36.3,  34.8,  0.6,  -2.0,  -2.9,  -1.2,  1.1,  1.9,  -0.9,  -2.6,  -1.6,  0.7,  2.2,  1.6,  62.5,  53.6,  49.9,  51.3,  49.9,  54.7,  62.6,  66.2,  67.1,  67.3,  67.0,  66.0,  61.8,  57.3,  57.6,  57.2,  61.9,  57.5,  57.6,  57.4,  403.2,  400.8,  400.9,  399.0,  391.5,  380.3,  361.8,  346.6,  345.6,  354.6,  372.9,  385.7,  393.0,  394.6,  392.7,  392.0,  395.4,  371.9,  365.5,  359.2,  352.4,  344.1,  342.1,  348.2,  353.6,  357.0,  360.5,  341.6,  334.8,  327.2,  320.1,  333.5,  331.5,  329.6,  331.5,  333.5,  361.1,  357.7,  356.4,  355.3,  354.8,  356.1,  352.3,  351.8,  352.4,  355.0,  351.8,  351.4,  344.8,  333.3,  328.5,  326.8,  327.0,  332.5,  342.4,  330.9,  325.3,  324.4,  326.1,  332.7,  342.0,  330.1,  328.7,  328.7,  339.8,  327.1,  326.6,  328.5,  2.486,  -0.053,  0.031,  0.008,  646.928,  447.438,  7.803,  -3.791,  -18.354,  -10.483,  -7.469,  -4.104,  -2.924,  1.555,  -1.517,  -4.700,  -8.620,  -11.136,  8.435,  -6.509,  -0.795,  0.346,  0.492,  -3.588,  -6.281,  -8.254,  5.109,  -0.405,  3.313,  -1.998,  -2.791,  2.907,  -1.123,  -0.334,  -0.666,  -0.765,  0.368,  -0.493,  -0.727,  0.605, 0.15, 0.00, 0.03, 0.00, 0.00, 0.66, 0.29, 0.00, 0.00, 0.00, 0.21, 0.67, 0.16, 0.00, 0.00, 0.00, 2.64, 0.00, 0.00, 0.00, 0.00, 0.00, 0.00, 0.00, 0.00, 0.00, 0.00, 0.00, 0.00, 0.00, 0.00, 0.00, 0.00, 0.00, 1.00
98,  0,  3.237,  0.98,  1,  0.091094,  0.125250,  -0.987934,  -0.199699,  0.210534,  -0.956972,  -0.056,  0.171,  553.2,  556.7,  567.0,  578.1,  583.5,  580.7,  569.6,  558.5,  537.4,  545.0,  554.9,  566.7,  578.3,  587.6,  594.5,  588.5,  578.9,  567.5,  556.2,  545.9,  564.1,  568.6,  572.9,  574.3,  572.1,  567.6,  563.4,  562.0,  706.6,  712.2,  724.5,  736.3,  740.7,  735.1,  722.8,  710.1,  697.6,  705.8,  716.2,  728.5,  740.2,  749.6,  757.5,  750.1,  740.6,  729.7,  717.0,  705.3,  718.4,  723.3,  728.4,  730.7,  728.9,  724.0,  718.8,  716.5,  359.5,  348.7,  343.3,  346.3,  356.1,  367.2,  372.2,  369.2,  360.2,  358.7,  357.2,  355.1,  353.5,  352.7,  352.8,  358.3,  362.4,  365.1,  365.7,  364.2,  361.7,  362.9,  360.7,  356.4,  352.4,  351.2,  353.3,  357.7,  359.7,  347.5,  342.9,  348.6,  361.2,  373.4,  378.1,  373.2,  355.0,  354.3,  354.6,  355.6,  357.4,  358.7,  361.2,  364.9,  366.6,  366.8,  364.8,  361.4,  365.5,  367.8,  365.9,  360.8,  355.5,  353.2,  355.1,  360.2,  -34.7,  -33.1,  -29.0,  -24.6,  -22.6,  -23.8,  -28.3,  -32.7,  -41.5,  -38.1,  -33.9,  -29.1,  -24.5,  -21.0,  -18.3,  -20.7,  -24.4,  -28.9,  -33.5,  -37.8,  -30.4,  -28.7,  -27.0,  -26.3,  -27.1,  -28.9,  -30.6,  -31.2,  25.0,  27.0,  31.6,  36.1,  37.8,  35.7,  31.1,  26.3,  21.6,  24.6,  28.4,  32.9,  37.4,  41.2,  44.6,  41.5,  37.6,  33.4,  28.6,  24.4,  29.5,  31.3,  33.2,  34.1,  33.4,  31.5,  29.6,  28.8,  -0.2,  -4.5,  -6.6,  -5.4,  -1.6,  2.9,  4.9,  3.7,  0.1,  -0.5,  -1.1,  -1.9,  -2.6,  -2.9,  -2.9,  -0.7,  0.9,  2.0,  2.3,  1.7,  0.7,  1.2,  0.3,  -1.5,  -3.0,  -3.5,  -2.7,  -0.9,  -0.1,  -4.7,  -6.4,  -4.3,  0.5,  5.0,  6.8,  4.9,  -1.9,  -2.1,  -2.0,  -1.6,  -1.0,  -0.5,  0.5,  1.9,  2.5,  2.5,  1.8,  0.5,  2.0,  2.9,  2.2,  0.3,  -1.7,  -2.6,  -1.8,  0.1,  349.3,  347.7,  347.2,  348.2,  350.0,  352.0,  352.1,  351.1,  353.7,  350.5,  348.1,  346.9,  347.8,  350.0,  352.6,  351.0,  349.1,  348.7,  349.6,  351.4,  351.1,  351.5,  351.3,  350.6,  349.9,  349.5,  349.7,  350.3,  327.8,  327.7,  327.7,  327.8,  328.0,  328.1,  328.1,  328.3,  328.6,  326.9,  325.7,  325.6,  326.9,  329.1,  332.3,  329.4,  327.0,  325.3,  325.2,  326.8,  328.8,  328.9,  328.9,  328.8,  328.7,  328.7,  328.7,  328.8,  2.6,  33.2,  342.1,  -0.194,  0.027,  0.010,  463.7,  464.7,  469.1,  478.4,  495.1,  521.9,  555.5,  595.4,  644.0,  692.5,  735.9,  772.3,  800.2,  816.1,  823.4,  830.8,  836.1,  499.2,  518.6,  546.6,  577.5,  607.7,  685.1,  718.4,  749.0,  777.9,  799.5,  646.4,  646.3,  645.9,  645.4,  609.7,  627.5,  646.0,  664.6,  681.8,  536.0,  556.0,  576.6,  596.6,  577.2,  557.3,  697.2,  717.7,  738.8,  758.5,  738.8,  718.2,  581.0,  605.2,  628.8,  646.0,  664.9,  690.3,  713.2,  690.5,  666.5,  646.2,  627.4,  604.5,  592.1,  628.0,  645.7,  664.9,  702.8,  664.7,  645.5,  627.8,  376.2,  422.5,  468.9,  512.5,  549.6,  581.0,  602.4,  620.6,  629.7,  629.4,  618.4,  596.3,  562.6,  517.4,  467.3,  417.1,  368.5,  327.4,  305.1,  294.6,  294.8,  298.5,  298.0,  292.9,  293.6,  302.6,  321.6,  342.8,  369.5,  395.6,  422.9,  448.9,  455.2,  460.3,  455.6,  451.1,  361.6,  355.4,  353.3,  356.9,  362.4,  364.4,  357.4,  353.6,  356.3,  361.6,  365.1,  363.5,  518.3,  500.4,  492.8,  497.0,  493.4,  503.8,  519.7,  534.5,  540.2,  541.1,  539.4,  533.2,  517.6,  511.5,  512.9,  511.9,  519.2,  513.6,  514.1,  512.7,  -81.3,  -80.3,  -78.4,  -73.7,  -64.9,  -51.4,  -34.9,  -17.7,  1.6,  21.3,  40.9,  58.4,  72.1,  79.5,  82.4,  85.6,  88.8,  -60.0,  -50.8,  -38.4,  -25.2,  -12.7,  17.7,  31.3,  44.1,  56.4,  65.8,  2.5,  2.4,  2.2,  2.0,  -11.6,  -4.7,  2.2,  9.3,  16.0,  -43.0,  -34.4,  -25.9,  -17.7,  -25.5,  -33.7,  23.1,  31.3,  39.9,  48.2,  39.8,  31.5,  -23.3,  -13.3,  -4.2,  2.2,  9.3,  19.1,  28.7,  19.1,  9.9,  2.3,  -4.7,  -13.5,  -18.7,  -4.5,  2.1,  9.4,  24.4,  9.3,  2.1,  -4.6,  7.5,  28.7,  49.9,  69.6,  84.9,  96.1,  100.3,  103.2,  106.5,  109.2,  110.2,  104.3,  91.1,  71.1,  48.2,  25.6,  3.9,  -13.9,  -23.0,  -26.9,  -26.3,  -24.2,  -24.3,  -26.8,  -26.9,  -23.4,  -15.9,  -6.7,  3.6,  13.3,  23.1,  33.9,  36.1,  37.8,  36.3,  34.8,  0.7,  -1.9,  -2.7,  -1.2,  1.0,  1.8,  -1.1,  -2.6,  -1.5,  0.6,  2.0,  1.4,  62.5,  53.6,  50.0,  51.3,  49.9,  54.7,  62.6,  66.1,  67.1,  67.3,  67.0,  66.0,  61.7,  57.3,  57.6,  57.2,  61.9,  57.5,  57.6,  57.4,  403.3,  400.9,  401.1,  399.3,  391.9,  380.6,  361.9,  346.5,  345.5,  354.7,  373.2,  386.1,  393.6,  395.2,  393.2,  392.6,  396.1,  372.7,  366.2,  359.9,  353.1,  344.7,  342.8,  349.0,  354.3,  357.6,  361.2,  342.2,  335.5,  328.0,  321.0,  334.1,  332.1,  330.3,  332.2,  334.2,  361.7,  358.4,  357.1,  356.1,  355.5,  356.7,  353.0,  352.5,  353.1,  355.7,  352.5,  352.2,  345.2,  333.9,  329.2,  327.4,  327.6,  333.1,  342.9,  331.4,  325.8,  324.9,  326.6,  333.2,  342.4,  330.7,  329.3,  329.2,  340.3,  327.7,  327.1,  329.1,  2.482,  -0.055,  0.029,  0.009,  646.958,  447.214,  7.237,  -4.441,  -18.635,  -11.210,  -7.504,  -3.967,  -3.401,  1.410,  -1.170,  -4.172,  -8.335,  -11.786,  8.492,  -6.064,  -1.016,  0.625,  0.480,  -3.742,  -6.566,  -8.123,  5.349,  -0.123,  3.570,  -2.329,  -2.932,  3.082,  -1.114,  -0.532,  -0.635,  -0.759,  0.265,  -0.482,  -0.660,  0.580, 0.13, 0.00, 0.06, 0.00, 0.00, 0.65, 0.31, 0.00, 0.00, 0.00, 0.23, 0.68, 0.13, 0.00, 0.00, 0.00, 2.60, 0.00, 0.00, 0.00, 0.00, 0.00, 0.00, 0.00, 0.00, 0.00, 0.00, 0.00, 1.00, 0.00, 0.00, 0.00, 0.00, 0.00, 1.00
99,  0,  3.270,  0.98,  1,  0.105639,  0.098946,  -0.989470,  -0.156344,  0.191725,  -0.968916,  -0.026,  0.147,  554.1,  557.0,  566.6,  577.2,  582.7,  580.5,  570.2,  559.5,  537.9,  544.2,  553.8,  565.9,  577.9,  587.1,  593.9,  587.3,  577.8,  566.6,  555.7,  545.9,  564.4,  569.0,  573.1,  574.4,  572.1,  567.5,  563.3,  562.1,  708.4,  713.0,  724.3,  735.6,  740.2,  735.5,  724.2,  712.3,  699.1,  705.9,  714.9,  726.5,  738.5,  748.8,  758.1,  748.8,  738.2,  727.1,  715.7,  706.0,  720.0,  724.7,  729.3,  731.3,  729.3,  724.7,  720.1,  718.1,  356.8,  346.6,  341.2,  343.8,  352.8,  363.3,  368.4,  365.8,  358.9,  356.6,  354.2,  351.8,  350.6,  350.6,  351.9,  355.6,  358.5,  360.7,  362.0,  361.6,  358.8,  360.0,  357.6,  353.2,  349.3,  348.2,  350.5,  354.9,  357.4,  345.8,  341.3,  346.6,  358.6,  370.1,  374.6,  369.9,  354.5,  352.5,  352.1,  352.9,  354.7,  356.4,  358.9,  362.9,  364.9,  365.3,  363.4,  360.1,  362.3,  364.5,  362.6,  357.9,  352.9,  350.8,  352.6,  357.4,  -34.8,  -33.5,  -29.6,  -25.4,  -23.3,  -24.3,  -28.5,  -32.8,  -42.1,  -39.1,  -34.9,  -29.8,  -25.0,  -21.5,  -18.9,  -21.5,  -25.2,  -29.7,  -34.3,  -38.5,  -30.8,  -29.0,  -27.2,  -26.7,  -27.6,  -29.4,  -31.1,  -31.7,  26.5,  28.2,  32.5,  36.8,  38.6,  36.9,  32.7,  28.1,  23.0,  25.4,  28.7,  33.1,  37.7,  41.9,  45.9,  42.0,  37.7,  33.4,  29.1,  25.5,  31.1,  32.9,  34.6,  35.3,  34.5,  32.8,  31.0,  30.3,  -1.3,  -5.4,  -7.6,  -6.5,  -2.9,  1.4,  3.4,  2.4,  -0.5,  -1.4,  -2.3,  -3.3,  -3.8,  -3.8,  -3.3,  -1.8,  -0.6,  0.3,  0.8,  0.7,  -0.5,  -0.0,  -1.0,  -2.7,  -4.3,  -4.8,  -3.8,  -2.1,  -1.0,  -5.5,  -7.2,  -5.1,  -0.6,  3.9,  5.7,  3.9,  -2.1,  -2.9,  -3.0,  -2.7,  -2.0,  -1.4,  -0.4,  1.1,  1.9,  2.0,  1.3,  0.0,  0.9,  1.7,  1.0,  -0.8,  -2.7,  -3.6,  -2.9,  -1.0,  354.9,  353.3,  352.7,  353.5,  355.2,  357.2,  357.4,  356.6,  360.9,  357.0,  353.9,  352.1,  353.0,  355.4,  358.2,  356.4,  354.7,  354.4,  355.6,  357.9,  356.5,  356.8,  356.6,  355.9,  355.1,  354.8,  355.1,  355.8,  339.3,  338.1,  336.9,  336.5,  337.1,  338.4,  339.5,  340.4,  340.7,  337.9,  335.6,  334.4,  335.1,  336.9,  339.8,  337.7,  336.2,  335.6,  336.4,  338.6,  339.8,  339.6,  339.1,  338.6,  338.4,  338.5,  339.0,  339.5,  2.5,  33.1,  342.8,  -0.188,  0.032,  0.009,  463.7,  464.7,  469.3,  478.7,  495.6,  522.6,  556.2,  595.8,  644.1,  692.3,  735.6,  772.1,  800.4,  816.6,  824.0,  831.0,  836.0,  499.3,  518.6,  546.3,  576.8,  606.6,  685.8,  719.2,  749.6,  778.0,  798.6,  646.2,  646.2,  645.9,  645.6,  610.2,  627.8,  645.9,  664.4,  681.3,  536.0,  555.6,  576.3,  595.7,  576.7,  556.8,  696.9,  716.7,  737.8,  757.3,  737.9,  717.5,  581.2,  605.3,  629.0,  645.9,  664.6,  690.2,  713.0,  690.5,  666.3,  646.2,  627.7,  604.8,  592.3,  628.3,  645.8,  664.6,  702.7,  664.5,  645.6,  628.1,  376.4,  422.9,  469.2,  512.6,  549.6,  581.0,  602.7,  621.2,  630.2,  629.5,  617.6,  595.3,  561.6,  516.7,  467.0,  417.0,  368.8,  326.3,  304.4,  293.9,  294.0,  297.7,  297.4,  292.5,  293.3,  302.6,  321.5,  341.8,  368.7,  395.1,  422.6,  448.8,  454.9,  459.7,  455.0,  450.3,  359.5,  352.6,  350.5,  354.9,  360.4,  362.3,  355.7,  351.1,  353.6,  359.6,  363.0,  361.6,  518.0,  500.1,  492.5,  496.7,  493.1,  503.3,  519.3,  534.3,  539.8,  540.7,  538.8,  532.6,  517.4,  511.4,  512.7,  511.7,  518.8,  513.3,  513.9,  512.4,  -81.4,  -80.6,  -78.5,  -73.8,  -64.8,  -51.1,  -34.7,  -17.5,  1.6,  21.2,  40.7,  58.2,  72.0,  79.6,  82.4,  85.4,  88.3,  -59.9,  -50.7,  -38.5,  -25.5,  -13.2,  18.0,  31.6,  44.4,  56.3,  65.4,  2.4,  2.4,  2.2,  2.0,  -11.4,  -4.6,  2.2,  9.3,  15.8,  -43.0,  -34.6,  -26.0,  -18.0,  -25.7,  -34.0,  23.0,  30.9,  39.5,  47.6,  39.4,  31.2,  -23.3,  -13.3,  -4.2,  2.2,  9.2,  19.2,  28.7,  19.2,  9.8,  2.3,  -4.6,  -13.5,  -18.7,  -4.4,  2.2,  9.3,  24.5,  9.2,  2.1,  -4.5,  7.6,  28.9,  50.2,  69.9,  85.0,  96.2,  100.5,  103.6,  106.8,  109.2,  109.7,  103.7,  90.5,  70.6,  47.9,  25.5,  4.0,  -14.4,  -23.2,  -27.2,  -26.6,  -24.6,  -24.5,  -27.0,  -27.0,  -23.4,  -15.9,  -7.1,  3.3,  13.2,  23.0,  34.0,  36.1,  37.7,  36.1,  34.5,  -0.2,  -3.0,  -3.9,  -2.1,  0.2,  0.9,  -1.7,  -3.6,  -2.6,  -0.1,  1.2,  0.6,  62.6,  53.6,  50.0,  51.3,  50.0,  54.7,  62.6,  66.3,  67.3,  67.4,  67.1,  66.0,  61.8,  57.4,  57.7,  57.3,  62.0,  57.6,  57.8,  57.5,  404.1,  402.2,  402.5,  400.5,  392.5,  380.7,  362.3,  347.1,  345.7,  354.6,  372.8,  385.5,  392.8,  394.2,  392.1,  391.1,  394.0,  372.3,  365.9,  359.9,  353.3,  345.1,  343.2,  349.2,  354.2,  357.2,  360.7,  342.3,  335.7,  328.3,  321.5,  334.7,  332.6,  330.7,  332.4,  334.3,  361.6,  358.5,  357.1,  356.2,  355.6,  356.9,  353.1,  352.4,  352.9,  355.4,  352.4,  352.1,  346.4,  335.0,  330.2,  328.4,  328.5,  334.1,  343.9,  332.9,  327.3,  326.4,  328.2,  334.6,  343.6,  331.7,  330.3,  330.2,  341.3,  329.0,  328.5,  330.4,  2.480,  -0.050,  0.037,  0.007,  646.886,  446.555,  3.443,  -2.571,  -17.946,  -12.537,  -6.304,  -2.204,  -2.024,  2.051,  0.577,  -4.131,  -8.111,  -11.065,  8.731,  -6.953,  0.405,  0.499,  0.521,  -3.907,  -5.382,  -7.901,  4.778,  -0.331,  3.858,  -2.014,  -3.010,  1.879,  -1.404,  -0.107,  -0.773,  -0.916,  0.638,  -0.721,  -0.556,  0.802, 0.08, 0.00, 0.06, 0.00, 0.00, 1.00, 0.28, 0.00, 0.00, 0.00, 0.18, 0.67, 0.12, 0.00, 0.00, 0.00, 2.18, 0.00, 0.00, 0.00, 0.00, 0.00, 0.00, 0.00, 0.00, 0.00, 0.00, 0.00, 1.00, 0.00, 0.00, 0.00, 0.00, 0.00, 1.00
100,  0,  3.303,  0.98,  1,  0.111403,  0.080781,  -0.990487,  -0.121468,  0.075487,  -0.989721,  -0.005,  0.079,  554.7,  558.1,  568.4,  579.6,  585.1,  582.6,  571.4,  560.2,  539.6,  546.8,  556.1,  567.0,  578.4,  588.6,  596.8,  589.5,  578.9,  567.4,  556.3,  546.8,  566.0,  570.8,  575.2,  576.6,  574.2,  569.5,  565.1,  563.6,  710.4,  714.9,  725.6,  736.1,  740.3,  735.8,  725.1,  713.7,  698.9,  706.8,  716.8,  728.0,  738.6,  747.1,  753.9,  748.1,  739.6,  729.6,  718.1,  706.7,  720.5,  724.9,  729.3,  731.1,  729.4,  725.1,  720.7,  718.8,  353.4,  342.1,  336.3,  339.5,  349.7,  361.9,  366.8,  363.6,  357.2,  352.7,  348.8,  346.5,  347.0,  349.2,  351.9,  355.1,  356.0,  357.2,  358.2,  358.6,  357.3,  358.6,  356.2,  351.3,  347.0,  345.6,  348.1,  352.9,  350.2,  340.6,  337.5,  342.7,  353.1,  362.6,  365.7,  361.5,  351.5,  349.9,  348.3,  348.1,  350.3,  353.6,  358.2,  359.8,  359.4,  358.4,  356.9,  355.8,  356.3,  358.4,  357.1,  353.2,  348.9,  346.8,  348.1,  352.0,  -33.8,  -32.6,  -28.5,  -24.0,  -21.7,  -22.7,  -27.1,  -31.5,  -40.4,  -37.2,  -33.3,  -28.8,  -24.3,  -20.4,  -17.2,  -20.0,  -24.1,  -28.6,  -33.1,  -37.1,  -29.4,  -27.4,  -25.7,  -25.2,  -26.1,  -28.1,  -29.8,  -30.3,  28.1,  30.1,  34.6,  38.8,  40.3,  38.2,  33.8,  29.3,  23.6,  26.7,  30.6,  35.1,  39.5,  43.2,  46.4,  43.5,  39.7,  35.5,  31.0,  26.6,  32.2,  34.0,  35.8,  36.6,  36.0,  34.3,  32.4,  31.6,  -2.6,  -7.1,  -9.4,  -8.2,  -4.1,  0.7,  2.7,  1.4,  -1.1,  -2.9,  -4.4,  -5.3,  -5.1,  -4.3,  -3.2,  -1.9,  -1.6,  -1.1,  -0.7,  -0.6,  -1.1,  -0.5,  -1.5,  -3.4,  -5.2,  -5.7,  -4.7,  -2.8,  -3.9,  -7.8,  -9.1,  -7.0,  -2.8,  1.0,  2.3,  0.6,  -3.4,  -4.0,  -4.7,  -4.7,  -3.9,  -2.6,  -0.7,  -0.1,  -0.2,  -0.6,  -1.2,  -1.7,  -1.5,  -0.6,  -1.2,  -2.7,  -4.5,  -5.3,  -4.8,  -3.2,  347.0,  348.0,  348.2,  347.5,  346.3,  345.5,  345.1,  345.8,  352.3,  349.2,  346.7,  345.2,  345.3,  346.4,  348.0,  345.8,  344.3,  344.2,  345.6,  348.5,  347.1,  346.8,  346.9,  347.3,  347.9,  348.2,  348.1,  347.6,  349.6,  351.8,  353.2,  353.0,  351.3,  349.1,  347.7,  348.0,  350.6,  349.3,  348.5,  348.8,  350.6,  353.1,  356.3,  352.2,  349.0,  347.1,  346.8,  348.2,  350.1,  350.1,  350.6,  351.5,  352.2,  352.3,  351.7,  350.8,  2.6,  32.7,  342.8,  -0.194,  0.035,  0.009,  463.3,  464.6,  469.4,  478.7,  495.4,  522.4,  556.3,  596.3,  644.5,  692.7,  736.2,  772.8,  801.0,  817.1,  824.4,  831.1,  835.8,  499.6,  518.2,  546.2,  576.9,  607.0,  685.8,  719.1,  749.5,  778.0,  798.2,  646.5,  646.3,  645.8,  645.3,  610.2,  627.7,  645.7,  664.0,  680.9,  537.5,  557.0,  577.8,  596.8,  578.0,  557.9,  697.3,  716.5,  737.8,  756.8,  737.9,  717.5,  581.2,  605.2,  629.0,  645.9,  664.6,  690.2,  712.9,  690.6,  666.4,  646.3,  627.7,  604.8,  592.3,  628.3,  645.8,  664.7,  702.5,  664.6,  645.6,  628.1,  376.8,  423.1,  469.1,  512.4,  549.5,  581.2,  603.0,  621.5,  630.1,  628.8,  616.3,  594.1,  560.7,  516.5,  467.0,  417.1,  368.8,  326.5,  304.0,  293.3,  293.8,  298.1,  298.0,  292.4,  293.0,  302.4,  321.5,  340.5,  367.8,  394.6,  422.6,  448.1,  454.3,  459.3,  454.6,  449.8,  356.4,  348.4,  346.5,  352.4,  357.6,  359.3,  352.9,  346.9,  349.3,  356.5,  359.9,  358.5,  517.8,  499.7,  492.1,  496.2,  492.5,  502.4,  518.6,  533.7,  539.3,  540.3,  538.5,  532.3,  517.1,  510.8,  512.0,  510.8,  518.1,  513.2,  513.9,  512.4,  -81.7,  -80.7,  -78.5,  -73.9,  -64.8,  -51.1,  -34.6,  -17.3,  1.8,  21.3,  40.8,  58.3,  72.1,  79.6,  82.5,  85.2,  87.8,  -59.8,  -51.0,  -38.6,  -25.5,  -13.1,  18.1,  31.7,  44.4,  56.3,  65.1,  2.5,  2.4,  2.2,  1.9,  -11.4,  -4.7,  2.1,  9.1,  15.6,  -42.3,  -34.0,  -25.4,  -17.6,  -25.2,  -33.5,  23.1,  30.8,  39.4,  47.4,  39.4,  31.2,  -23.3,  -13.3,  -4.2,  2.2,  9.3,  19.2,  28.7,  19.2,  9.9,  2.3,  -4.6,  -13.5,  -18.8,  -4.4,  2.2,  9.3,  24.4,  9.2,  2.1,  -4.5,  7.7,  29.0,  50.2,  69.8,  84.9,  96.0,  100.3,  103.3,  106.2,  108.4,  108.7,  102.7,  89.8,  70.4,  47.9,  25.5,  3.9,  -14.3,  -23.4,  -27.5,  -26.8,  -24.5,  -24.5,  -27.1,  -27.1,  -23.5,  -15.8,  -7.6,  3.0,  13.0,  23.0,  33.7,  35.9,  37.5,  35.9,  34.3,  -1.5,  -4.8,  -5.5,  -3.1,  -1.0,  -0.3,  -2.9,  -5.3,  -4.3,  -1.4,  -0.1,  -0.6,  62.5,  53.5,  49.9,  51.2,  49.8,  54.4,  62.3,  66.1,  67.1,  67.3,  67.0,  65.9,  61.7,  57.2,  57.4,  56.9,  61.7,  57.6,  57.8,  57.6,  404.5,  402.7,  402.8,  400.6,  392.2,  380.0,  361.2,  345.8,  344.2,  353.0,  371.0,  383.8,  391.6,  393.5,  391.3,  389.9,  392.4,  372.6,  366.1,  360.3,  353.9,  346.2,  344.9,  350.2,  354.6,  357.0,  360.1,  342.6,  335.9,  328.5,  321.6,  334.8,  332.6,  330.7,  332.4,  334.2,  361.1,  358.4,  357.1,  356.3,  355.5,  356.8,  353.1,  352.3,  352.8,  355.2,  352.3,  352.0,  346.5,  335.2,  330.5,  328.8,  328.8,  334.4,  343.8,  333.0,  327.3,  326.4,  328.2,  334.6,  343.9,  332.0,  330.5,  330.4,  341.2,  329.1,  328.6,  330.5,  2.481,  -0.057,  0.042,  0.007,  647.038,  445.687,  0.266,  -1.268,  -18.021,  -13.329,  -6.970,  -0.049,  -0.771,  1.800,  3.032,  -2.864,  -7.729,  -10.691,  9.839,  -6.686,  0.728,  0.869,  1.618,  -3.169,  -3.695,  -6.827,  4.326,  -1.101,  3.059,  -1.823,  -2.383,  2.603,  -1.062,  -0.254,  -0.067,  -1.110,  1.003,  -0.390,  0.087,  0.471, 0.00, 0.00, 0.04, 0.00, 0.00, 1.24, 0.17, 0.00, 0.00, 0.00, 0.08, 0.69, 0.06, 0.01, 0.00, 0.00, 1.49, 0.00, 0.00, 0.00, 0.00, 0.00, 0.00, 0.00, 0.00, 0.00, 0.00, 0.00, 1.00, 0.00, 0.00, 0.00, 0.00, 0.00, 1.00
101,  0,  3.337,  0.98,  1,  0.124679,  0.060829,  -0.990331,  -0.110333,  0.064406,  -0.991806,  0.007,  0.063,  553.4,  557.7,  569.1,  581.0,  586.3,  583.0,  570.6,  558.7,  540.4,  546.8,  555.3,  566.4,  578.5,  588.6,  596.3,  587.9,  576.7,  564.9,  554.7,  546.4,  565.4,  570.6,  575.7,  577.6,  575.2,  570.0,  564.9,  563.0,  709.3,  714.2,  725.5,  736.6,  741.0,  736.1,  724.8,  712.8,  697.4,  705.7,  716.1,  727.7,  738.6,  747.8,  754.8,  747.9,  738.7,  727.7,  716.3,  705.6,  719.8,  724.7,  729.6,  731.7,  729.8,  725.0,  720.0,  717.9,  351.7,  339.6,  333.5,  337.0,  348.0,  361.1,  366.2,  362.7,  355.4,  349.7,  345.6,  343.1,  343.7,  346.7,  351.9,  355.1,  356.2,  357.2,  357.6,  357.3,  356.3,  357.9,  355.2,  349.9,  345.0,  343.5,  346.1,  351.5,  348.3,  337.7,  334.1,  339.5,  350.9,  361.4,  365.0,  360.6,  352.7,  348.2,  344.9,  344.1,  346.5,  350.7,  355.8,  356.4,  355.9,  355.2,  354.6,  354.6,  354.8,  357.2,  355.6,  351.0,  346.1,  343.8,  345.3,  349.9,  -32.7,  -31.2,  -26.8,  -22.3,  -20.1,  -21.3,  -25.9,  -30.5,  -38.0,  -35.3,  -31.9,  -27.6,  -23.0,  -19.2,  -16.4,  -19.4,  -23.5,  -28.0,  -32.0,  -35.4,  -28.1,  -26.1,  -24.2,  -23.5,  -24.4,  -26.5,  -28.4,  -29.1,  26.6,  28.6,  33.1,  37.4,  39.0,  36.9,  32.4,  27.8,  22.1,  25.2,  29.1,  33.6,  37.9,  41.8,  44.9,  41.7,  37.8,  33.4,  29.1,  25.1,  30.7,  32.6,  34.5,  35.4,  34.7,  32.9,  30.9,  30.0,  -3.1,  -7.7,  -10.0,  -8.7,  -4.5,  0.4,  2.3,  1.0,  -1.7,  -3.9,  -5.4,  -6.3,  -6.1,  -5.0,  -3.0,  -1.8,  -1.4,  -1.0,  -0.9,  -1.0,  -1.4,  -0.8,  -1.8,  -3.8,  -5.7,  -6.3,  -5.2,  -3.2,  -4.5,  -8.6,  -10.0,  -7.9,  -3.5,  0.5,  1.9,  0.2,  -2.8,  -4.5,  -5.8,  -6.1,  -5.2,  -3.6,  -1.7,  -1.4,  -1.6,  -1.8,  -2.0,  -2.1,  -2.0,  -1.1,  -1.7,  -3.5,  -5.4,  -6.3,  -5.7,  -3.9,  330.1,  331.3,  331.2,  329.8,  328.0,  326.9,  326.9,  328.3,  334.3,  331.8,  329.3,  327.8,  327.3,  327.5,  328.0,  326.5,  325.5,  325.9,  327.9,  331.0,  329.5,  328.9,  328.9,  329.4,  330.2,  330.8,  330.9,  330.3,  336.0,  338.0,  339.2,  339.1,  337.6,  335.7,  334.4,  334.7,  336.6,  335.6,  334.9,  335.1,  336.6,  339.1,  341.9,  338.2,  335.2,  333.5,  333.5,  334.7,  336.6,  336.6,  337.1,  338.0,  338.6,  338.7,  338.1,  337.3,  2.5,  32.4,  342.3,  -0.193,  0.035,  0.008,  463.4,  464.6,  469.6,  478.9,  495.6,  522.2,  555.8,  595.5,  643.4,  691.8,  735.3,  772.5,  801.0,  817.4,  825.0,  831.4,  835.6,  499.1,  518.3,  546.2,  576.8,  606.5,  685.6,  718.9,  749.5,  778.0,  797.8,  646.3,  646.1,  645.6,  645.1,  610.3,  627.6,  645.4,  663.8,  680.6,  536.8,  556.2,  577.7,  596.6,  577.6,  556.6,  696.6,  715.5,  737.4,  756.5,  737.9,  716.9,  581.2,  605.2,  629.0,  645.7,  664.3,  690.0,  713.1,  690.5,  666.1,  646.2,  627.8,  604.7,  592.2,  628.5,  645.6,  664.5,  702.8,  664.4,  645.5,  628.3,  375.8,  422.5,  469.0,  512.4,  549.7,  581.2,  603.0,  621.3,  629.5,  628.5,  616.1,  593.7,  560.3,  516.1,  466.9,  416.8,  368.0,  326.1,  304.0,  293.6,  294.0,  298.3,  297.8,  291.9,  292.2,  301.7,  321.5,  339.4,  366.9,  393.9,  422.0,  448.4,  454.3,  459.0,  454.4,  449.7,  354.8,  345.4,  343.8,  351.9,  356.8,  358.3,  352.0,  343.4,  345.4,  354.1,  358.1,  357.0,  518.0,  499.6,  491.8,  495.9,  492.1,  502.1,  518.4,  533.3,  538.7,  539.6,  537.9,  531.8,  517.2,  510.3,  511.5,  510.3,  517.9,  513.2,  513.9,  512.4,  -81.5,  -80.6,  -78.2,  -73.5,  -64.6,  -51.2,  -34.9,  -17.7,  1.4,  20.8,  40.2,  57.8,  71.8,  79.6,  82.7,  85.3,  87.8,  -59.8,  -50.8,  -38.6,  -25.5,  -13.3,  18.0,  31.6,  44.4,  56.3,  64.9,  2.5,  2.3,  2.1,  1.9,  -11.4,  -4.7,  2.0,  9.0,  15.5,  -42.5,  -34.3,  -25.4,  -17.6,  -25.3,  -33.9,  22.8,  30.4,  39.2,  47.2,  39.4,  30.9,  -23.3,  -13.3,  -4.1,  2.1,  9.1,  19.1,  28.7,  19.2,  9.8,  2.3,  -4.6,  -13.5,  -18.8,  -4.4,  2.1,  9.2,  24.5,  9.2,  2.1,  -4.4,  7.3,  28.7,  50.0,  69.5,  84.9,  96.1,  100.7,  103.5,  105.9,  107.8,  108.0,  102.0,  89.3,  70.0,  47.8,  25.3,  3.6,  -14.4,  -23.4,  -27.3,  -26.7,  -24.4,  -24.5,  -27.3,  -27.5,  -23.8,  -15.9,  -8.1,  2.7,  12.7,  22.8,  33.8,  35.8,  37.3,  35.8,  34.2,  -2.1,  -6.0,  -6.6,  -3.3,  -1.3,  -0.7,  -3.2,  -6.7,  -5.9,  -2.4,  -0.8,  -1.2,  62.6,  53.4,  49.7,  51.0,  49.5,  54.3,  62.2,  65.9,  66.7,  66.9,  66.7,  65.7,  61.8,  56.9,  57.1,  56.7,  61.5,  57.5,  57.7,  57.5,  403.8,  401.9,  401.5,  399.2,  391.4,  380.0,  362.4,  346.7,  343.8,  351.5,  369.0,  382.0,  390.2,  392.5,  391.1,  390.1,  392.8,  371.5,  365.2,  359.7,  353.4,  346.1,  344.9,  350.1,  354.5,  357.0,  360.1,  342.3,  335.5,  328.0,  321.0,  334.4,  331.9,  329.9,  331.5,  333.3,  360.7,  357.9,  356.4,  355.5,  354.8,  356.2,  352.9,  352.0,  352.5,  354.8,  351.7,  351.5,  346.5,  335.0,  330.0,  328.1,  328.1,  334.0,  343.6,  332.6,  326.7,  326.1,  328.0,  334.7,  343.9,  331.4,  329.8,  329.8,  341.1,  328.5,  328.1,  330.2,  2.484,  -0.058,  0.042,  0.007,  646.833,  445.097,  -0.446,  -2.370,  -17.010,  -12.364,  -6.574,  0.242,  -0.347,  1.042,  3.758,  -2.103,  -7.037,  -7.361,  9.430,  -6.075,  1.696,  1.716,  2.788,  -3.041,  -2.679,  -6.129,  3.496,  -0.441,  2.675,  -0.799,  -1.409,  2.118,  -1.495,  -0.376,  -0.038,  -0.808,  0.553,  -0.855,  -0.052,  0.369, 0.04, 0.00, 0.00, 0.00, 0.00, 1.22, 0.06, 0.00, 0.00, 0.00, 0.05, 0.72, 0.08, 0.04, 0.00, 0.00, 0.81, 0.00, 0.00, 0.00, 0.00, 0.00, 0.00, 0.00, 0.00, 0.00, 0.00, 0.00, 1.00, 0.00, 0.00, 0.00, 0.00, 0.00, 1.00
102,  0,  3.370,  0.98,  1,  0.106207,  0.039356,  -0.993565,  -0.134956,  0.038623,  -0.990099,  -0.014,  0.039,  551.4,  556.6,  569.0,  581.4,  586.5,  582.3,  568.8,  556.5,  539.4,  545.7,  554.4,  565.9,  578.8,  589.2,  597.1,  587.9,  576.1,  563.8,  553.4,  545.3,  563.4,  569.5,  575.6,  578.2,  575.7,  569.7,  563.6,  561.0,  708.2,  712.6,  724.3,  736.4,  741.9,  737.5,  725.8,  712.7,  697.8,  705.7,  716.1,  728.5,  739.5,  747.9,  754.1,  748.6,  740.7,  730.6,  718.7,  707.1,  719.3,  724.8,  730.0,  732.0,  729.5,  724.0,  718.8,  716.8,  350.3,  337.4,  331.2,  335.3,  347.3,  361.2,  366.4,  362.3,  354.4,  347.7,  343.0,  340.4,  341.3,  345.2,  351.9,  355.2,  356.5,  357.5,  357.5,  356.8,  356.3,  358.3,  355.3,  349.0,  343.1,  341.0,  344.1,  350.4,  347.2,  335.8,  331.8,  337.5,  349.7,  361.2,  365.2,  360.5,  352.4,  346.5,  342.7,  341.7,  344.2,  348.4,  354.3,  355.8,  355.9,  355.7,  355.1,  354.7,  354.4,  357.0,  355.2,  350.0,  344.6,  342.0,  343.8,  348.9,  -31.2,  -29.5,  -25.1,  -20.6,  -18.7,  -20.1,  -24.8,  -29.3,  -35.9,  -33.4,  -30.1,  -25.9,  -21.4,  -17.7,  -15.0,  -18.1,  -22.2,  -26.5,  -30.3,  -33.5,  -26.9,  -24.7,  -22.5,  -21.7,  -22.6,  -24.8,  -27.0,  -27.9,  24.6,  26.3,  30.7,  35.2,  37.1,  35.2,  30.8,  26.1,  20.8,  23.6,  27.3,  31.9,  36.1,  39.5,  42.1,  39.6,  36.3,  32.5,  28.1,  24.0,  28.7,  30.6,  32.6,  33.4,  32.6,  30.6,  28.6,  27.8,  -3.4,  -8.0,  -10.2,  -8.7,  -4.4,  0.4,  2.2,  0.8,  -2.0,  -4.4,  -6.0,  -6.9,  -6.5,  -5.2,  -2.8,  -1.7,  -1.2,  -0.9,  -0.9,  -1.1,  -1.3,  -0.6,  -1.7,  -3.9,  -6.0,  -6.7,  -5.6,  -3.4,  -4.6,  -8.8,  -10.3,  -8.2,  -3.7,  0.4,  1.9,  0.2,  -2.7,  -4.9,  -6.2,  -6.6,  -5.7,  -4.2,  -2.1,  -1.5,  -1.5,  -1.6,  -1.7,  -1.9,  -2.0,  -1.1,  -1.7,  -3.6,  -5.6,  -6.6,  -5.9,  -4.0,  308.4,  309.4,  309.0,  307.2,  305.3,  304.4,  304.8,  306.5,  312.5,  310.1,  307.6,  306.0,  305.2,  305.1,  305.2,  304.0,  303.4,  303.9,  306.2,  309.3,  307.5,  306.6,  306.4,  306.9,  307.9,  308.7,  308.9,  308.4,  315.0,  317.3,  319.2,  319.6,  318.4,  316.1,  314.2,  313.8,  314.4,  314.2,  314.3,  315.2,  317.1,  319.8,  322.5,  319.0,  315.8,  313.4,  312.7,  313.3,  316.1,  316.3,  317.2,  318.2,  318.8,  318.6,  317.7,  316.7,  2.4,  32.2,  342.6,  -0.202,  0.037,  0.009,  463.5,  464.7,  470.0,  479.1,  495.6,  522.1,  555.7,  595.5,  643.1,  691.0,  734.3,  771.7,  800.5,  817.2,  824.9,  831.4,  835.4,  498.3,  517.9,  545.9,  576.3,  605.8,  686.2,  719.3,  749.7,  778.1,  797.8,  646.2,  646.0,  645.5,  645.0,  610.5,  627.7,  645.2,  663.4,  680.1,  535.9,  555.4,  577.9,  596.7,  577.4,  555.4,  696.8,  715.7,  738.4,  757.5,  739.4,  717.5,  580.7,  604.7,  628.5,  645.3,  664.0,  689.8,  713.0,  690.4,  665.7,  645.6,  627.1,  604.1,  591.8,  627.9,  645.2,  664.1,  702.6,  664.0,  645.0,  627.6,  375.5,  422.4,  468.8,  512.2,  549.6,  581.2,  603.3,  621.3,  629.0,  628.1,  616.2,  594.2,  560.8,  516.6,  467.2,  416.7,  367.3,  325.6,  303.4,  293.3,  293.4,  297.5,  297.4,  291.5,  291.9,  301.2,  321.0,  338.6,  366.2,  393.2,  421.3,  448.7,  454.2,  458.8,  454.4,  449.8,  353.9,  342.9,  341.6,  351.7,  356.8,  358.2,  351.9,  341.2,  342.9,  353.2,  357.8,  357.0,  518.1,  499.2,  491.1,  495.2,  491.4,  501.7,  518.4,  533.3,  538.4,  539.3,  537.6,  531.5,  517.3,  509.8,  511.0,  509.7,  517.8,  513.3,  513.9,  512.4,  -81.5,  -80.5,  -77.9,  -73.2,  -64.4,  -51.1,  -34.9,  -17.6,  1.2,  20.4,  39.6,  57.3,  71.3,  79.3,  82.5,  85.2,  87.6,  -60.2,  -51.0,  -38.8,  -25.8,  -13.6,  18.3,  31.8,  44.5,  56.4,  64.9,  2.4,  2.3,  2.1,  1.8,  -11.3,  -4.7,  2.0,  8.9,  15.3,  -43.0,  -34.7,  -25.4,  -17.6,  -25.4,  -34.5,  22.9,  30.5,  39.7,  47.7,  40.0,  31.2,  -23.5,  -13.5,  -4.3,  2.0,  9.0,  19.0,  28.7,  19.2,  9.6,  2.1,  -4.8,  -13.7,  -19.0,  -4.6,  1.9,  9.1,  24.4,  9.0,  1.9,  -4.7,  7.2,  28.7,  49.9,  69.3,  84.6,  95.8,  100.8,  103.6,  105.6,  107.5,  107.7,  101.9,  89.2,  70.0,  47.8,  25.3,  3.3,  -14.6,  -23.6,  -27.5,  -27.0,  -24.8,  -24.8,  -27.5,  -27.7,  -24.0,  -16.0,  -8.4,  2.4,  12.5,  22.5,  34.0,  35.8,  37.3,  35.8,  34.2,  -2.5,  -7.0,  -7.5,  -3.4,  -1.3,  -0.7,  -3.3,  -7.6,  -6.9,  -2.8,  -0.9,  -1.2,  62.7,  53.4,  49.5,  50.8,  49.3,  54.1,  62.2,  65.9,  66.6,  66.8,  66.6,  65.6,  61.9,  56.8,  56.9,  56.4,  61.5,  57.6,  57.8,  57.5,  404.0,  401.7,  400.9,  398.0,  390.4,  379.2,  362.4,  346.8,  343.4,  350.7,  367.7,  380.6,  388.9,  391.4,  390.5,  389.8,  392.6,  371.7,  365.7,  360.5,  354.4,  347.5,  346.5,  351.3,  355.2,  357.2,  359.8,  343.4,  336.5,  328.9,  321.8,  335.0,  332.4,  330.4,  331.9,  333.5,  361.5,  358.6,  357.1,  356.0,  355.4,  357.0,  353.5,  352.7,  353.2,  355.4,  352.2,  352.0,  346.7,  335.4,  330.3,  328.5,  328.4,  334.2,  343.3,  332.6,  326.6,  326.1,  328.1,  334.8,  344.2,  331.6,  329.9,  329.8,  340.8,  328.6,  328.4,  330.4,  2.483,  -0.067,  0.044,  0.008,  646.642,  444.731,  -3.804,  -3.190,  -17.737,  -12.428,  -6.090,  -0.055,  -1.079,  0.942,  4.289,  -2.571,  -7.279,  -6.107,  9.406,  -5.276,  1.195,  1.555,  3.734,  -2.256,  -1.622,  -5.496,  2.482,  -0.010,  1.606,  -0.133,  -0.813,  1.923,  -1.558,  -0.339,  -0.252,  -0.714,  0.413,  -0.773,  -0.089,  0.350, 0.10, 0.00, 0.00, 0.00, 0.00, 0.89, 0.00, 0.00, 0.00, 0.00, 0.05, 0.76, 0.09, 0.08, 0.00, 0.00, 0.30, 0.00, 0.00, 0.00, 0.00, 0.00, 0.00, 0.00, 0.00, 0.00, 0.00, 0.00, 0.00, 0.00, 0.00, 0.00, 0.00, 0.00, 0.00
103,  0,  3.403,  0.98,  1,  0.097376,  0.017506,  -0.995094,  -0.134813,  0.041974,  -0.989982,  -0.019,  0.030,  550.7,  555.9,  568.3,  580.7,  585.9,  581.8,  568.4,  555.9,  538.3,  544.7,  553.8,  565.9,  578.9,  588.9,  596.2,  587.6,  576.2,  563.8,  553.1,  544.6,  562.2,  568.7,  575.3,  578.0,  575.3,  568.8,  562.2,  559.5,  708.1,  712.2,  724.0,  736.6,  742.5,  738.3,  726.5,  713.0,  697.7,  705.3,  715.6,  728.5,  740.0,  748.6,  754.8,  749.4,  741.6,  731.4,  719.1,  707.1,  719.5,  725.2,  730.5,  732.4,  729.7,  724.0,  718.7,  716.8,  348.4,  335.9,  330.2,  334.7,  346.7,  360.3,  365.0,  360.5,  353.4,  346.3,  341.6,  338.9,  340.1,  344.3,  351.4,  354.7,  356.0,  356.9,  356.9,  355.9,  355.1,  357.4,  354.4,  347.9,  341.5,  339.2,  342.2,  348.7,  347.3,  335.2,  330.6,  336.1,  348.6,  360.7,  365.4,  360.9,  352.6,  345.6,  341.2,  339.7,  342.1,  346.5,  353.0,  354.8,  355.3,  355.3,  355.0,  354.8,  354.3,  356.8,  354.7,  349.2,  343.5,  341.0,  343.1,  348.6,  -31.8,  -30.0,  -25.6,  -21.1,  -19.1,  -20.5,  -25.3,  -29.8,  -36.6,  -34.1,  -30.6,  -26.2,  -21.6,  -18.1,  -15.5,  -18.5,  -22.4,  -26.8,  -30.8,  -34.1,  -27.6,  -25.3,  -22.9,  -22.0,  -23.0,  -25.4,  -27.7,  -28.7,  23.9,  25.5,  29.9,  34.4,  36.4,  34.6,  30.3,  25.5,  20.2,  22.9,  26.5,  31.1,  35.4,  38.8,  41.3,  38.9,  35.8,  31.9,  27.6,  23.4,  28.0,  30.0,  32.0,  32.8,  31.8,  29.8,  27.8,  27.1,  -4.1,  -8.6,  -10.6,  -9.0,  -4.7,  0.1,  1.8,  0.2,  -2.4,  -4.9,  -6.5,  -7.5,  -7.0,  -5.6,  -3.0,  -1.9,  -1.4,  -1.1,  -1.1,  -1.4,  -1.8,  -0.9,  -2.0,  -4.3,  -6.6,  -7.4,  -6.4,  -4.0,  -4.4,  -8.7,  -10.4,  -8.5,  -4.0,  0.3,  1.9,  0.3,  -2.6,  -5.0,  -6.6,  -7.1,  -6.3,  -4.8,  -2.5,  -1.9,  -1.7,  -1.6,  -1.7,  -1.8,  -2.0,  -1.1,  -1.9,  -3.8,  -5.8,  -6.7,  -6.0,  -4.0,  311.4,  312.2,  312.0,  310.8,  309.2,  308.5,  308.6,  309.9,  315.2,  313.2,  310.9,  309.6,  309.3,  309.5,  309.9,  308.6,  307.6,  307.9,  309.8,  312.5,  310.9,  310.2,  310.1,  310.6,  311.4,  312.0,  312.2,  311.7,  306.9,  308.9,  310.8,  311.4,  310.4,  308.3,  306.5,  305.9,  306.5,  306.4,  306.6,  307.5,  309.5,  312.2,  314.6,  311.4,  308.1,  305.7,  304.9,  305.4,  308.1,  308.4,  309.3,  310.2,  310.7,  310.4,  309.5,  308.6,  2.4,  32.1,  341.8,  -0.206,  0.037,  0.009,  463.3,  464.4,  469.9,  479.1,  495.6,  522.1,  556.1,  596.2,  643.8,  691.5,  734.4,  771.6,  800.4,  817.0,  824.9,  831.2,  835.0,  497.8,  517.4,  545.6,  575.9,  605.5,  686.3,  719.5,  750.0,  778.5,  798.0,  646.1,  645.9,  645.5,  645.0,  610.6,  627.8,  645.2,  663.2,  679.8,  535.3,  554.8,  577.7,  596.6,  577.1,  554.7,  696.7,  715.7,  738.9,  758.1,  740.0,  717.8,  580.8,  604.6,  628.5,  645.1,  663.7,  689.7,  713.0,  690.3,  665.6,  645.6,  627.2,  604.1,  591.9,  627.9,  645.1,  663.9,  702.4,  663.8,  644.9,  627.6,  376.2,  422.9,  469.1,  512.3,  549.5,  581.2,  603.6,  621.6,  629.0,  628.1,  616.1,  594.1,  561.0,  516.9,  467.6,  417.2,  367.6,  325.6,  303.2,  293.1,  293.2,  297.5,  297.4,  291.1,  291.4,  300.9,  321.2,  338.1,  365.7,  392.9,  421.1,  448.8,  454.2,  458.7,  454.3,  449.8,  353.0,  341.3,  340.1,  351.3,  356.4,  357.7,  351.5,  339.7,  341.3,  352.3,  357.2,  356.5,  518.1,  498.9,  490.7,  494.8,  490.9,  501.4,  518.2,  533.2,  538.3,  539.1,  537.4,  531.4,  517.2,  509.6,  510.6,  509.5,  517.6,  513.1,  513.7,  512.1,  -81.5,  -80.5,  -77.8,  -73.0,  -64.2,  -51.0,  -34.7,  -17.3,  1.5,  20.6,  39.6,  57.1,  71.1,  79.1,  82.4,  85.1,  87.4,  -60.3,  -51.2,  -38.9,  -25.9,  -13.7,  18.3,  31.9,  44.6,  56.5,  64.9,  2.4,  2.3,  2.0,  1.8,  -11.2,  -4.6,  2.0,  8.8,  15.1,  -43.2,  -34.9,  -25.4,  -17.6,  -25.5,  -34.8,  22.9,  30.5,  39.9,  47.9,  40.2,  31.2,  -23.4,  -13.5,  -4.3,  1.9,  8.9,  18.9,  28.6,  19.1,  9.5,  2.1,  -4.8,  -13.7,  -18.9,  -4.6,  1.9,  9.0,  24.2,  8.9,  1.8,  -4.7,  7.4,  28.8,  49.9,  69.1,  84.4,  95.6,  100.7,  103.5,  105.3,  107.1,  107.3,  101.6,  89.1,  70.1,  48.0,  25.4,  3.4,  -14.6,  -23.7,  -27.5,  -27.0,  -24.8,  -24.8,  -27.6,  -27.8,  -24.1,  -15.9,  -8.6,  2.2,  12.3,  22.4,  33.9,  35.7,  37.2,  35.7,  34.2,  -2.9,  -7.7,  -8.1,  -3.5,  -1.4,  -0.9,  -3.4,  -8.2,  -7.6,  -3.1,  -1.1,  -1.4,  62.5,  53.1,  49.2,  50.5,  49.0,  53.9,  61.9,  65.7,  66.4,  66.6,  66.4,  65.4,  61.7,  56.5,  56.7,  56.2,  61.2,  57.3,  57.5,  57.3,  403.5,  401.1,  400.0,  397.0,  389.4,  378.3,  361.8,  346.2,  342.6,  349.7,  366.6,  379.6,  388.0,  390.8,  390.0,  389.4,  392.0,  371.1,  365.3,  360.1,  354.0,  347.2,  346.0,  350.7,  354.6,  356.7,  359.3,  342.9,  335.9,  328.1,  320.9,  334.2,  331.7,  329.7,  331.1,  332.8,  361.3,  358.5,  356.8,  355.6,  355.1,  356.8,  353.0,  352.3,  352.8,  355.0,  351.8,  351.5,  346.0,  334.5,  329.4,  327.5,  327.5,  333.3,  342.4,  331.7,  325.7,  325.3,  327.3,  334.0,  343.4,  330.7,  329.0,  328.9,  339.8,  327.7,  327.6,  329.6,  2.487,  -0.071,  0.044,  0.008,  646.609,  444.506,  -3.418,  -3.430,  -17.722,  -11.610,  -5.841,  -0.113,  -1.266,  1.271,  4.606,  -2.772,  -6.718,  -6.083,  9.405,  -5.192,  1.467,  1.548,  4.227,  -1.524,  -0.854,  -4.988,  1.902,  0.090,  1.255,  0.245,  -0.492,  1.848,  -1.635,  -0.168,  -0.428,  -0.565,  0.409,  -0.808,  -0.081,  0.379, 0.17, 0.00, 0.00, 0.00, 0.00, 0.68, 0.00, 0.00, 0.00, 0.00, 0.02, 0.63, 0.09, 0.09, 0.00, 0.00, 0.07, 0.00, 0.00, 0.00, 0.00, 0.00, 0.00, 0.00, 0.00, 0.00, 0.00, 0.00, 0.00, 0.00, 0.00, 0.00, 0.00, 0.00, 0.00
104,  0,  3.437,  0.98,  1,  0.041251,  -0.062804,  -0.997173,  -0.145141,  0.035418,  -0.988777,  -0.052,  -0.014,  549.9,  554.9,  566.5,  578.1,  582.9,  578.8,  566.2,  554.6,  538.2,  544.7,  554.1,  566.2,  578.7,  588.1,  594.5,  587.2,  576.1,  564.0,  553.3,  544.3,  561.2,  566.6,  572.0,  574.2,  572.1,  566.7,  561.3,  559.1,  707.7,  712.2,  724.4,  737.1,  742.8,  738.3,  726.2,  712.5,  698.1,  705.5,  715.8,  728.7,  740.4,  749.2,  755.5,  749.9,  742.0,  731.7,  719.3,  707.4,  719.0,  725.1,  730.9,  733.1,  730.3,  724.2,  718.4,  716.2,  345.4,  334.6,  329.8,  333.7,  344.1,  356.0,  359.8,  355.8,  353.1,  345.8,  340.9,  338.2,  339.7,  344.1,  350.5,  354.3,  355.4,  356.4,  356.8,  356.1,  350.9,  352.8,  350.5,  345.6,  340.8,  338.9,  341.2,  346.1,  346.6,  334.4,  329.8,  335.4,  348.0,  360.2,  364.9,  360.3,  352.1,  344.9,  340.5,  338.9,  341.2,  345.7,  352.2,  354.3,  355.0,  355.2,  354.9,  354.4,  353.9,  356.6,  354.4,  348.5,  342.5,  339.8,  342.1,  347.9,  -33.5,  -31.9,  -27.5,  -23.1,  -21.2,  -22.6,  -27.2,  -31.6,  -38.2,  -35.6,  -32.0,  -27.4,  -22.8,  -19.3,  -16.9,  -19.5,  -23.5,  -27.9,  -32.0,  -35.6,  -29.3,  -27.2,  -25.2,  -24.5,  -25.3,  -27.4,  -29.4,  -30.2,  23.6,  25.3,  29.7,  34.3,  36.2,  34.4,  29.9,  25.1,  20.2,  22.8,  26.4,  30.9,  35.2,  38.6,  41.2,  38.8,  35.6,  31.8,  27.4,  23.4,  27.6,  29.8,  31.9,  32.7,  31.8,  29.6,  27.5,  26.7,  -5.4,  -9.5,  -11.3,  -9.8,  -5.9,  -1.5,  -0.1,  -1.5,  -2.6,  -5.3,  -7.1,  -8.1,  -7.5,  -5.9,  -3.5,  -2.1,  -1.7,  -1.3,  -1.2,  -1.4,  -3.4,  -2.7,  -3.5,  -5.4,  -7.2,  -7.9,  -7.0,  -5.2,  -4.7,  -9.0,  -10.7,  -8.7,  -4.2,  0.1,  1.7,  0.1,  -2.7,  -5.2,  -6.8,  -7.4,  -6.6,  -5.1,  -2.8,  -2.0,  -1.8,  -1.7,  -1.8,  -1.9,  -2.1,  -1.2,  -2.0,  -4.0,  -6.2,  -7.1,  -6.3,  -4.2,  325.6,  327.4,  327.7,  326.5,  324.3,  322.6,  322.2,  323.5,  328.5,  327.0,  325.3,  324.5,  324.6,  325.0,  325.6,  323.5,  321.8,  321.6,  323.2,  325.7,  325.0,  324.4,  324.6,  325.4,  326.4,  327.0,  326.8,  326.0,  304.7,  306.7,  308.4,  308.9,  307.8,  305.8,  304.1,  303.7,  304.4,  304.3,  304.5,  305.3,  307.1,  309.7,  312.1,  308.9,  305.8,  303.5,  302.8,  303.3,  305.8,  306.0,  306.8,  307.8,  308.3,  308.1,  307.2,  306.3,  2.4,  32.0,  341.7,  -0.207,  0.037,  0.010,  463.6,  464.6,  470.0,  479.2,  495.5,  521.9,  555.9,  596.2,  644.0,  691.7,  734.7,  771.8,  800.6,  817.2,  824.9,  831.3,  835.0,  498.0,  517.7,  545.9,  576.4,  606.0,  686.0,  719.2,  749.9,  778.4,  797.9,  646.0,  645.9,  645.4,  644.9,  610.7,  627.8,  645.2,  663.2,  679.7,  535.0,  554.4,  577.4,  596.4,  576.9,  554.4,  697.0,  716.0,  739.2,  758.3,  740.4,  718.1,  581.1,  605.0,  628.7,  645.3,  663.6,  689.6,  712.9,  690.3,  665.6,  645.8,  627.5,  604.5,  592.4,  628.1,  645.2,  663.8,  702.3,  663.7,  645.0,  627.9,  375.5,  422.1,  468.3,  511.5,  548.9,  580.7,  603.2,  621.4,  628.9,  628.0,  616.0,  594.2,  561.2,  517.3,  468.0,  417.4,  367.8,  325.3,  302.9,  292.9,  293.0,  297.4,  297.3,  290.9,  291.2,  300.7,  321.0,  337.6,  365.4,  392.7,  421.0,  448.7,  454.1,  458.5,  454.1,  449.7,  352.6,  340.7,  339.5,  350.8,  356.1,  357.3,  351.0,  339.0,  340.7,  351.8,  356.8,  356.0,  518.2,  498.8,  490.5,  494.6,  490.7,  501.2,  518.2,  533.3,  538.3,  539.1,  537.5,  531.5,  517.2,  509.5,  510.6,  509.4,  517.6,  513.0,  513.6,  512.0,  -81.3,  -80.4,  -77.7,  -73.0,  -64.3,  -51.0,  -34.7,  -17.3,  1.6,  20.7,  39.6,  57.2,  71.2,  79.1,  82.4,  85.1,  87.3,  -60.2,  -51.1,  -38.7,  -25.7,  -13.5,  18.2,  31.7,  44.5,  56.4,  64.8,  2.4,  2.2,  2.0,  1.8,  -11.2,  -4.6,  2.0,  8.8,  15.1,  -43.3,  -35.1,  -25.5,  -17.7,  -25.6,  -34.9,  23.0,  30.6,  40.0,  48.0,  40.3,  31.4,  -23.3,  -13.4,  -4.2,  2.0,  8.8,  18.9,  28.5,  19.1,  9.5,  2.1,  -4.7,  -13.5,  -18.7,  -4.5,  2.0,  8.9,  24.2,  8.9,  1.9,  -4.6,  7.1,  28.5,  49.5,  68.7,  84.0,  95.3,  100.4,  103.3,  105.2,  107.0,  107.2,  101.6,  89.2,  70.2,  48.1,  25.5,  3.5,  -14.7,  -23.8,  -27.6,  -27.1,  -24.8,  -24.8,  -27.7,  -27.9,  -24.1,  -16.0,  -8.8,  2.1,  12.3,  22.4,  33.9,  35.7,  37.1,  35.6,  34.1,  -3.0,  -7.9,  -8.4,  -3.7,  -1.6,  -1.1,  -3.6,  -8.4,  -7.8,  -3.3,  -1.3,  -1.6,  62.5,  53.0,  49.1,  50.4,  48.9,  53.8,  61.9,  65.7,  66.4,  66.6,  66.4,  65.4,  61.6,  56.5,  56.6,  56.1,  61.1,  57.3,  57.5,  57.2,  403.3,  401.0,  400.0,  397.0,  389.4,  378.1,  361.5,  345.9,  342.3,  349.5,  366.4,  379.4,  387.9,  390.7,  389.9,  389.2,  391.6,  371.0,  365.2,  360.1,  354.0,  347.4,  346.3,  350.8,  354.6,  356.5,  358.9,  343.0,  335.9,  328.2,  320.9,  334.1,  331.6,  329.6,  331.0,  332.7,  361.2,  358.5,  356.8,  355.6,  355.1,  356.9,  353.0,  352.3,  352.8,  355.0,  351.8,  351.5,  345.6,  334.2,  329.2,  327.4,  327.4,  333.2,  342.1,  331.6,  325.7,  325.2,  327.2,  333.7,  343.0,  330.6,  329.0,  328.8,  339.6,  327.7,  327.4,  329.5,  2.488,  -0.072,  0.044,  0.008,  646.679,  444.295,  -3.740,  -3.484,  -18.406,  -11.483,  -6.291,  -0.149,  -0.940,  1.839,  5.179,  -2.769,  -6.602,  -6.187,  9.524,  -5.103,  1.060,  1.465,  4.010,  -1.345,  -0.492,  -4.624,  1.908,  0.327,  1.300,  0.422,  -0.598,  1.883,  -1.389,  -0.302,  -0.456,  -0.641,  0.521,  -0.838,  -0.086,  0.498, 0.19, 0.00, 0.00, 0.00, 0.00, 0.45, 0.00, 0.00, 0.00, 0.00, 0.00, 0.62, 0.02, 0.07, 0.00, 0.00, 0.00, 0.00, 0.00, 0.00, 1.00, 0.00, 0.00, 0.00, 0.00, 0.00, 0.00, 0.00, 0.00, 0.00, 0.00, 0.00, 0.00, 0.00, 0.00
105,  0,  3.470,  0.98,  1,  0.032648,  -0.083251,  -0.995994,  -0.145082,  0.035230,  -0.988792,  -0.057,  -0.024,  550.0,  554.8,  566.3,  577.7,  582.3,  578.4,  566.1,  554.7,  538.2,  544.5,  554.0,  566.3,  578.8,  588.1,  594.2,  587.2,  576.4,  564.3,  553.6,  544.3,  561.4,  566.3,  571.3,  573.3,  571.3,  566.4,  561.5,  559.4,  707.6,  712.1,  724.4,  737.2,  743.1,  738.5,  726.2,  712.4,  697.9,  705.5,  715.8,  728.7,  740.5,  749.4,  755.9,  750.1,  742.0,  731.6,  719.1,  707.3,  719.0,  725.2,  731.1,  733.3,  730.5,  724.2,  718.3,  716.1,  344.3,  333.4,  328.7,  333.0,  343.7,  355.6,  359.3,  355.0,  352.5,  345.4,  340.8,  338.1,  339.6,  344.0,  350.3,  354.2,  355.4,  356.4,  356.7,  355.8,  349.6,  351.4,  349.4,  344.7,  340.1,  338.3,  340.3,  345.0,  346.4,  334.1,  329.4,  335.0,  347.7,  360.0,  364.7,  360.2,  351.8,  344.5,  340.0,  338.5,  340.9,  345.4,  352.0,  354.2,  354.9,  355.1,  354.7,  354.2,  353.8,  356.5,  354.2,  348.3,  342.2,  339.5,  341.7,  347.7,  -34.0,  -32.3,  -28.0,  -23.6,  -21.7,  -23.1,  -27.7,  -32.0,  -38.8,  -36.2,  -32.4,  -27.7,  -23.0,  -19.6,  -17.3,  -19.9,  -23.8,  -28.3,  -32.4,  -36.2,  -29.6,  -27.7,  -25.9,  -25.2,  -26.0,  -27.9,  -29.7,  -30.5,  23.4,  25.1,  29.6,  34.1,  36.0,  34.2,  29.8,  25.0,  20.0,  22.6,  26.2,  30.8,  35.1,  38.5,  41.1,  38.6,  35.4,  31.6,  27.2,  23.2,  27.4,  29.6,  31.8,  32.6,  31.7,  29.5,  27.3,  26.5,  -5.9,  -10.1,  -11.9,  -10.2,  -6.1,  -1.7,  -0.3,  -1.9,  -2.9,  -5.5,  -7.2,  -8.2,  -7.7,  -6.0,  -3.7,  -2.2,  -1.7,  -1.3,  -1.2,  -1.6,  -3.9,  -3.2,  -4.0,  -5.8,  -7.5,  -8.2,  -7.5,  -5.7,  -4.7,  -9.0,  -10.7,  -8.8,  -4.3,  -0.0,  1.6,  0.1,  -2.8,  -5.4,  -6.9,  -7.4,  -6.7,  -5.1,  -2.8,  -2.0,  -1.8,  -1.7,  -1.8,  -2.0,  -2.2,  -1.2,  -2.0,  -4.1,  -6.2,  -7.2,  -6.4,  -4.3,  330.3,  331.7,  332.0,  331.0,  329.3,  328.0,  327.6,  328.6,  333.2,  331.5,  329.8,  329.0,  329.4,  330.2,  331.0,  329.1,  327.3,  327.0,  328.4,  330.8,  330.0,  329.6,  329.7,  330.3,  331.1,  331.5,  331.4,  330.8,  302.9,  304.9,  306.6,  307.0,  305.9,  303.9,  302.2,  301.9,  302.6,  302.6,  302.8,  303.5,  305.2,  307.7,  310.0,  306.9,  303.7,  301.5,  300.9,  301.5,  304.0,  304.1,  305.0,  305.9,  306.5,  306.3,  305.5,  304.5,  2.5,  31.9,  341.5,  -0.206,  0.037,  0.009,  463.5,  464.6,  469.9,  479.1,  495.4,  522.0,  556.5,  597.1,  645.0,  692.7,  735.4,  772.3,  800.9,  817.3,  825.1,  831.5,  835.1,  498.1,  517.7,  546.1,  576.7,  606.3,  685.7,  719.0,  749.7,  778.3,  797.8,  646.1,  645.9,  645.5,  645.0,  610.8,  627.9,  645.3,  663.2,  679.7,  535.1,  554.5,  577.5,  596.4,  577.0,  554.5,  697.0,  716.0,  739.3,  758.4,  740.4,  718.1,  581.4,  605.1,  628.8,  645.3,  663.5,  689.4,  712.6,  690.2,  665.6,  645.9,  627.6,  604.7,  592.7,  628.3,  645.3,  663.8,  702.0,  663.7,  645.1,  628.0,  375.7,  422.2,  468.2,  511.5,  548.9,  580.8,  603.4,  621.3,  628.5,  627.2,  614.9,  593.1,  560.4,  516.9,  468.0,  417.7,  368.2,  325.4,  302.8,  292.7,  292.8,  297.4,  297.2,  290.8,  291.0,  300.6,  320.9,  337.5,  365.2,  392.4,  420.7,  448.7,  454.0,  458.3,  454.0,  449.6,  352.4,  340.5,  339.3,  350.7,  355.9,  357.2,  350.8,  338.7,  340.4,  351.5,  356.6,  355.8,  518.3,  498.9,  490.4,  494.5,  490.6,  501.2,  518.3,  533.2,  538.3,  539.1,  537.5,  531.6,  517.3,  509.6,  510.6,  509.4,  517.6,  512.9,  513.5,  512.0,  -81.3,  -80.4,  -77.8,  -73.1,  -64.4,  -51.0,  -34.5,  -16.9,  2.0,  21.1,  39.9,  57.3,  71.3,  79.2,  82.5,  85.1,  87.3,  -60.1,  -51.0,  -38.6,  -25.6,  -13.4,  18.1,  31.6,  44.4,  56.3,  64.7,  2.4,  2.3,  2.1,  1.8,  -11.1,  -4.6,  2.0,  8.8,  15.1,  -43.3,  -35.0,  -25.5,  -17.7,  -25.6,  -34.9,  23.0,  30.6,  40.0,  48.0,  40.4,  31.4,  -23.1,  -13.3,  -4.2,  2.0,  8.8,  18.8,  28.4,  19.0,  9.5,  2.2,  -4.6,  -13.4,  -18.5,  -4.4,  2.0,  8.9,  24.0,  8.9,  1.9,  -4.5,  7.2,  28.5,  49.5,  68.8,  84.1,  95.5,  100.5,  103.2,  105.0,  106.7,  106.7,  101.0,  88.8,  70.0,  48.1,  25.7,  3.7,  -14.7,  -23.8,  -27.7,  -27.1,  -24.8,  -24.8,  -27.7,  -27.9,  -24.2,  -16.0,  -8.8,  2.0,  12.1,  22.2,  33.8,  35.6,  37.0,  35.6,  34.1,  -3.1,  -8.0,  -8.4,  -3.8,  -1.7,  -1.1,  -3.7,  -8.6,  -7.9,  -3.4,  -1.4,  -1.7,  62.4,  53.0,  49.0,  50.3,  48.8,  53.7,  61.8,  65.6,  66.4,  66.6,  66.4,  65.4,  61.6,  56.5,  56.6,  56.1,  61.1,  57.2,  57.4,  57.2,  403.3,  401.1,  400.2,  397.3,  389.6,  378.2,  361.3,  345.7,  342.2,  349.5,  366.3,  379.1,  387.7,  390.6,  389.8,  389.1,  391.5,  370.7,  364.9,  359.8,  353.7,  347.0,  346.1,  350.5,  354.3,  356.2,  358.7,  342.7,  335.6,  327.8,  320.6,  333.9,  331.4,  329.5,  330.8,  332.5,  361.0,  358.2,  356.5,  355.3,  354.9,  356.6,  352.8,  352.1,  352.6,  354.8,  351.6,  351.3,  345.2,  333.8,  328.9,  327.2,  327.2,  332.9,  341.8,  331.4,  325.6,  325.2,  327.0,  333.4,  342.6,  330.3,  328.7,  328.6,  339.2,  327.5,  327.3,  329.3,  2.490,  -0.071,  0.045,  0.007,  646.791,  444.167,  -2.971,  -2.807,  -18.716,  -11.392,  -6.048,  -0.484,  -0.386,  1.966,  5.246,  -2.320,  -6.216,  -6.253,  9.658,  -5.035,  1.069,  1.591,  3.751,  -0.950,  -0.366,  -4.484,  1.839,  0.184,  1.126,  0.278,  -0.755,  1.771,  -1.200,  -0.411,  -0.476,  -0.600,  0.471,  -0.869,  -0.128,  0.499, 0.24, 0.00, 0.00, 0.05, 0.00, 0.43, 0.00, 0.00, 0.00, 0.00, 0.00, 0.58, 0.00, 0.03, 0.00, 0.00, 0.00, 0.00, 0.00, 0.00, 1.00, 0.00, 0.00, 0.00, 0.00, 0.00, 0.00, 0.00, 0.00, 0.00, 0.00, 0.00, 0.00, 0.00, 0.00
106,  0,  3.504,  0.98,  1,  0.033748,  -0.080049,  -0.996219,  -0.147712,  0.036703,  -0.988349,  -0.057,  -0.022,  550.0,  554.9,  566.5,  577.9,  582.5,  578.5,  566.0,  554.6,  538.4,  544.7,  554.1,  566.3,  578.8,  588.2,  594.4,  587.2,  576.2,  564.1,  553.4,  544.4,  561.4,  566.4,  571.4,  573.6,  571.6,  566.6,  561.6,  559.5,  707.6,  712.3,  724.6,  737.3,  743.1,  738.4,  726.1,  712.3,  698.0,  705.5,  715.8,  728.9,  740.8,  749.7,  756.1,  750.2,  742.1,  731.6,  719.2,  707.3,  719.0,  725.2,  731.1,  733.3,  730.5,  724.3,  718.4,  716.2,  344.5,  333.6,  328.8,  333.0,  343.6,  355.5,  359.3,  355.1,  352.2,  345.2,  340.7,  338.1,  339.6,  344.0,  350.4,  354.2,  355.3,  356.3,  356.5,  355.5,  349.8,  351.6,  349.5,  344.8,  340.2,  338.4,  340.4,  345.2,  346.5,  334.1,  329.4,  335.0,  347.8,  360.1,  364.9,  360.3,  351.8,  344.4,  339.9,  338.3,  340.8,  345.4,  352.1,  354.2,  354.9,  355.1,  354.7,  354.2,  353.8,  356.5,  354.2,  348.3,  342.1,  339.4,  341.7,  347.7,  -33.8,  -32.1,  -27.8,  -23.4,  -21.5,  -22.9,  -27.6,  -31.9,  -38.5,  -36.0,  -32.2,  -27.6,  -22.9,  -19.4,  -17.1,  -19.7,  -23.7,  -28.2,  -32.3,  -36.0,  -29.5,  -27.6,  -25.7,  -25.0,  -25.8,  -27.7,  -29.6,  -30.3,  23.4,  25.2,  29.6,  34.1,  36.0,  34.2,  29.8,  25.0,  20.1,  22.7,  26.2,  30.8,  35.1,  38.6,  41.1,  38.7,  35.5,  31.6,  27.2,  23.2,  27.4,  29.6,  31.8,  32.6,  31.7,  29.5,  27.4,  26.5,  -5.8,  -10.0,  -11.8,  -10.2,  -6.1,  -1.7,  -0.3,  -1.8,  -2.9,  -5.6,  -7.3,  -8.2,  -7.6,  -6.0,  -3.6,  -2.2,  -1.7,  -1.4,  -1.3,  -1.7,  -3.8,  -3.2,  -3.9,  -5.7,  -7.5,  -8.2,  -7.4,  -5.6,  -4.7,  -9.0,  -10.7,  -8.8,  -4.3,  0.0,  1.7,  0.1,  -2.8,  -5.4,  -7.0,  -7.5,  -6.7,  -5.1,  -2.8,  -2.0,  -1.8,  -1.7,  -1.8,  -2.0,  -2.1,  -1.2,  -2.0,  -4.1,  -6.3,  -7.2,  -6.4,  -4.3,  329.0,  330.5,  330.7,  329.5,  327.6,  326.2,  325.9,  327.1,  331.9,  330.2,  328.4,  327.6,  327.8,  328.4,  329.1,  327.2,  325.5,  325.3,  326.8,  329.3,  328.5,  328.0,  328.1,  328.8,  329.6,  330.1,  330.0,  329.3,  303.0,  304.8,  306.4,  306.8,  305.8,  304.0,  302.4,  302.1,  302.7,  302.6,  302.8,  303.5,  305.2,  307.7,  310.0,  306.9,  303.8,  301.6,  301.0,  301.6,  304.0,  304.2,  305.0,  305.9,  306.4,  306.2,  305.4,  304.5,  2.5,  31.9,  341.5,  -0.208,  0.036,  0.009,  463.7,  464.7,  470.0,  479.2,  495.5,  521.9,  556.2,  596.6,  644.4,  692.0,  734.8,  771.8,  800.5,  817.1,  825.0,  831.4,  835.1,  498.1,  517.9,  546.1,  576.5,  606.1,  686.3,  719.4,  749.9,  778.2,  797.8,  646.3,  646.1,  645.7,  645.2,  610.9,  628.1,  645.4,  663.3,  679.8,  535.1,  554.5,  577.5,  596.5,  577.0,  554.4,  697.1,  716.1,  739.4,  758.5,  740.6,  718.3,  581.5,  605.2,  628.9,  645.5,  663.8,  689.6,  712.6,  690.4,  665.9,  646.0,  627.7,  604.8,  592.8,  628.3,  645.4,  664.1,  702.0,  664.0,  645.3,  628.1,  375.4,  422.1,  468.3,  511.6,  549.1,  581.0,  603.4,  621.3,  628.7,  627.6,  615.5,  593.7,  560.9,  517.3,  468.2,  417.9,  368.4,  325.1,  302.8,  292.8,  292.9,  297.2,  297.1,  290.9,  291.1,  300.5,  320.6,  337.4,  365.2,  392.4,  420.7,  448.7,  454.0,  458.3,  454.0,  449.6,  352.3,  340.3,  339.2,  350.7,  355.8,  357.1,  350.8,  338.7,  340.3,  351.5,  356.5,  355.8,  518.3,  498.8,  490.3,  494.4,  490.5,  501.2,  518.3,  533.2,  538.3,  539.1,  537.6,  531.6,  517.3,  509.5,  510.5,  509.3,  517.6,  512.9,  513.5,  512.0,  -81.2,  -80.3,  -77.7,  -72.9,  -64.3,  -51.0,  -34.6,  -17.2,  1.7,  20.8,  39.7,  57.1,  71.1,  79.1,  82.5,  85.2,  87.4,  -60.1,  -50.9,  -38.6,  -25.7,  -13.5,  18.3,  31.8,  44.5,  56.3,  64.7,  2.5,  2.3,  2.1,  1.9,  -11.1,  -4.5,  2.0,  8.8,  15.1,  -43.3,  -35.0,  -25.4,  -17.7,  -25.5,  -34.9,  23.0,  30.6,  40.1,  48.1,  40.4,  31.4,  -23.0,  -13.3,  -4.2,  2.0,  8.9,  18.9,  28.3,  19.1,  9.6,  2.2,  -4.6,  -13.4,  -18.5,  -4.4,  2.0,  9.0,  24.0,  9.0,  2.0,  -4.5,  7.1,  28.4,  49.5,  68.8,  84.2,  95.5,  100.5,  103.3,  105.0,  106.8,  106.9,  101.3,  89.0,  70.2,  48.2,  25.7,  3.8,  -14.8,  -23.9,  -27.6,  -27.1,  -24.9,  -24.9,  -27.7,  -27.9,  -24.2,  -16.2,  -8.8,  2.0,  12.2,  22.2,  33.8,  35.6,  37.0,  35.5,  34.0,  -3.2,  -8.1,  -8.5,  -3.8,  -1.7,  -1.2,  -3.7,  -8.6,  -8.0,  -3.5,  -1.4,  -1.7,  62.4,  53.0,  49.0,  50.3,  48.8,  53.7,  61.8,  65.6,  66.3,  66.6,  66.3,  65.4,  61.6,  56.4,  56.5,  56.1,  61.1,  57.2,  57.4,  57.2,  402.9,  400.7,  399.8,  396.9,  389.4,  378.1,  361.4,  345.8,  342.1,  349.4,  366.1,  379.1,  387.7,  390.6,  390.0,  389.3,  391.8,  370.6,  364.8,  359.8,  353.7,  347.1,  346.2,  350.7,  354.6,  356.4,  358.9,  342.8,  335.7,  327.9,  320.6,  333.9,  331.3,  329.4,  330.7,  332.4,  360.9,  358.1,  356.5,  355.2,  354.8,  356.5,  352.9,  352.2,  352.7,  354.9,  351.7,  351.4,  345.0,  333.8,  328.9,  327.1,  327.1,  332.8,  341.7,  331.3,  325.5,  325.1,  327.0,  333.3,  342.5,  330.2,  328.7,  328.5,  339.1,  327.5,  327.2,  329.2,  2.490,  -0.073,  0.043,  0.008,  646.827,  444.190,  -3.287,  -3.293,  -18.686,  -10.994,  -6.205,  -0.483,  -0.497,  1.941,  5.146,  -2.484,  -6.132,  -5.700,  9.874,  -4.883,  1.298,  1.457,  3.806,  -1.114,  -0.527,  -4.665,  1.939,  0.335,  1.059,  0.375,  -0.612,  1.741,  -1.248,  -0.356,  -0.459,  -0.544,  0.431,  -0.914,  -0.103,  0.462, 0.25, 0.00, 0.00, 0.05, 0.00, 0.42, 0.00, 0.00, 0.00, 0.00, 0.00, 0.60, 0.00, 0.01, 0.00, 0.00, 0.00, 0.00, 0.00, 0.00, 1.00, 0.00, 0.00, 0.00, 0.00, 0.00, 0.00, 0.00, 0.00, 0.00, 0.00, 0.00, 0.00, 0.00, 0.00
107,  0,  3.537,  0.98,  1,  0.033745,  -0.083840,  -0.995908,  -0.148035,  0.035050,  -0.988361,  -0.058,  -0.025,  550.1,  554.9,  566.4,  577.9,  582.5,  578.5,  566.2,  554.7,  538.4,  544.7,  554.1,  566.4,  578.9,  588.3,  594.3,  587.3,  576.3,  564.2,  553.5,  544.4,  561.6,  566.5,  571.4,  573.4,  571.5,  566.6,  561.7,  559.6,  707.7,  712.4,  724.7,  737.5,  743.2,  738.5,  726.2,  712.4,  698.3,  705.7,  715.9,  728.9,  740.8,  749.7,  756.2,  750.3,  742.2,  731.7,  719.3,  707.5,  719.1,  725.3,  731.3,  733.5,  730.7,  724.5,  718.5,  716.3,  344.3,  333.4,  328.7,  332.9,  343.5,  355.5,  359.2,  355.0,  352.2,  345.2,  340.7,  338.1,  339.7,  344.0,  350.3,  354.2,  355.3,  356.3,  356.6,  355.6,  349.5,  351.3,  349.3,  344.6,  340.1,  338.3,  340.3,  345.0,  346.3,  334.0,  329.4,  335.1,  347.8,  360.0,  364.7,  360.1,  351.8,  344.4,  339.9,  338.4,  340.8,  345.4,  352.0,  354.2,  354.9,  355.1,  354.7,  354.2,  353.8,  356.5,  354.2,  348.3,  342.2,  339.4,  341.7,  347.6,  -33.9,  -32.2,  -27.9,  -23.5,  -21.6,  -23.0,  -27.6,  -32.0,  -38.6,  -36.1,  -32.3,  -27.6,  -23.0,  -19.5,  -17.2,  -19.8,  -23.8,  -28.3,  -32.4,  -36.1,  -29.5,  -27.7,  -25.8,  -25.1,  -25.9,  -27.8,  -29.6,  -30.4,  23.5,  25.3,  29.8,  34.3,  36.2,  34.3,  29.8,  25.0,  20.2,  22.8,  26.3,  30.9,  35.2,  38.7,  41.2,  38.8,  35.6,  31.7,  27.3,  23.3,  27.5,  29.7,  31.9,  32.8,  31.9,  29.7,  27.5,  26.6,  -5.9,  -10.1,  -11.9,  -10.3,  -6.2,  -1.7,  -0.3,  -1.9,  -3.0,  -5.6,  -7.3,  -8.2,  -7.6,  -6.0,  -3.7,  -2.2,  -1.7,  -1.4,  -1.3,  -1.7,  -3.9,  -3.3,  -4.0,  -5.8,  -7.5,  -8.2,  -7.4,  -5.7,  -4.8,  -9.1,  -10.7,  -8.8,  -4.3,  0.0,  1.6,  0.0,  -2.8,  -5.4,  -7.0,  -7.5,  -6.7,  -5.2,  -2.8,  -2.0,  -1.8,  -1.7,  -1.8,  -2.0,  -2.2,  -1.2,  -2.0,  -4.1,  -6.3,  -7.2,  -6.4,  -4.3,  330.0,  331.4,  331.7,  330.6,  328.8,  327.5,  327.1,  328.2,  332.9,  331.3,  329.5,  328.7,  329.0,  329.7,  330.4,  328.5,  326.8,  326.5,  328.0,  330.4,  329.6,  329.2,  329.3,  329.9,  330.7,  331.1,  331.0,  330.4,  303.8,  305.7,  307.3,  307.6,  306.5,  304.6,  303.0,  302.7,  303.5,  303.4,  303.6,  304.3,  305.9,  308.4,  310.5,  307.5,  304.4,  302.2,  301.7,  302.4,  304.7,  304.9,  305.7,  306.6,  307.2,  307.0,  306.2,  305.3,  2.5,  31.9,  341.7,  -0.207,  0.037,  0.009,  463.7,  464.8,  470.2,  479.5,  496.0,  522.6,  557.0,  597.3,  644.9,  692.4,  735.0,  772.0,  800.7,  817.3,  825.2,  831.6,  835.3,  498.1,  517.8,  546.1,  576.5,  606.1,  686.4,  719.5,  750.0,  778.3,  797.9,  646.4,  646.2,  645.7,  645.2,  611.0,  628.1,  645.5,  663.3,  679.8,  535.2,  554.6,  577.6,  596.5,  577.0,  554.5,  697.2,  716.2,  739.5,  758.6,  740.7,  718.4,  581.7,  605.2,  628.8,  645.5,  664.0,  689.8,  712.6,  690.5,  666.0,  646.1,  627.6,  604.8,  592.9,  628.3,  645.5,  664.3,  702.0,  664.2,  645.3,  628.0,  375.5,  422.2,  468.5,  511.9,  549.4,  581.2,  603.5,  621.3,  628.5,  627.4,  615.1,  593.4,  560.7,  517.2,  468.2,  417.8,  368.3,  325.3,  302.9,  292.8,  292.9,  297.2,  297.1,  290.9,  291.2,  300.6,  320.7,  337.5,  365.3,  392.6,  420.9,  448.7,  454.0,  458.3,  454.1,  449.7,  352.3,  340.3,  339.2,  350.7,  355.9,  357.1,  350.8,  338.7,  340.3,  351.5,  356.5,  355.8,  518.3,  498.7,  490.2,  494.3,  490.4,  501.0,  518.2,  533.2,  538.5,  539.3,  537.7,  531.7,  517.2,  509.4,  510.4,  509.2,  517.5,  512.9,  513.6,  512.1,  -81.3,  -80.3,  -77.7,  -72.9,  -64.1,  -50.7,  -34.3,  -16.9,  1.9,  20.9,  39.8,  57.2,  71.2,  79.1,  82.5,  85.2,  87.4,  -60.1,  -51.0,  -38.6,  -25.7,  -13.5,  18.4,  31.9,  44.6,  56.3,  64.7,  2.5,  2.4,  2.1,  1.9,  -11.1,  -4.5,  2.1,  8.8,  15.1,  -43.3,  -35.0,  -25.4,  -17.7,  -25.5,  -34.9,  23.1,  30.7,  40.1,  48.1,  40.5,  31.5,  -23.0,  -13.3,  -4.2,  2.1,  9.0,  18.9,  28.4,  19.1,  9.7,  2.3,  -4.6,  -13.4,  -18.4,  -4.4,  2.1,  9.1,  24.1,  9.1,  2.0,  -4.5,  7.1,  28.5,  49.7,  69.0,  84.4,  95.6,  100.6,  103.3,  105.0,  106.8,  106.8,  101.1,  88.9,  70.2,  48.2,  25.7,  3.7,  -14.7,  -23.8,  -27.7,  -27.1,  -24.9,  -24.9,  -27.7,  -27.9,  -24.2,  -16.1,  -8.8,  2.0,  12.2,  22.3,  33.9,  35.6,  37.1,  35.6,  34.1,  -3.2,  -8.0,  -8.5,  -3.8,  -1.7,  -1.2,  -3.7,  -8.6,  -7.9,  -3.5,  -1.4,  -1.7,  62.4,  53.0,  49.0,  50.3,  48.8,  53.7,  61.8,  65.7,  66.5,  66.7,  66.5,  65.5,  61.6,  56.4,  56.6,  56.1,  61.1,  57.3,  57.5,  57.3,  403.3,  401.2,  400.4,  397.4,  389.7,  378.2,  361.3,  345.8,  342.3,  349.6,  366.3,  379.2,  387.7,  390.6,  389.8,  389.2,  391.6,  370.8,  365.0,  360.0,  353.9,  347.3,  346.5,  350.9,  354.6,  356.4,  358.8,  343.0,  335.9,  328.2,  320.9,  334.2,  331.6,  329.7,  331.0,  332.6,  361.1,  358.3,  356.6,  355.4,  355.0,  356.7,  353.1,  352.3,  352.8,  355.0,  351.8,  351.6,  345.2,  334.0,  329.2,  327.4,  327.4,  333.1,  341.8,  331.7,  325.9,  325.4,  327.3,  333.6,  342.7,  330.6,  329.0,  328.9,  339.3,  327.8,  327.6,  329.6,  2.488,  -0.072,  0.045,  0.007,  646.951,  444.210,  -3.755,  -2.741,  -18.751,  -11.446,  -5.872,  -0.386,  -0.249,  2.114,  5.283,  -2.706,  -6.191,  -6.063,  10.170,  -4.705,  1.176,  1.417,  3.618,  -1.079,  -0.448,  -4.710,  1.861,  0.270,  1.010,  0.292,  -0.656,  1.706,  -1.117,  -0.414,  -0.438,  -0.557,  0.444,  -0.887,  -0.108,  0.466, 0.29, 0.00, 0.00, 0.05, 0.00, 0.41, 0.00, 0.00, 0.00, 0.00, 0.00, 0.58, 0.00, 0.02, 0.00, 0.00, 0.00, 0.00, 0.00, 0.00, 1.00, 0.00, 0.00, 0.00, 0.00, 0.00, 0.00, 0.00, 0.00, 0.00, 0.00, 0.00, 0.00, 0.00, 0.00
108,  0,  3.570,  0.98,  1,  0.038298,  -0.079679,  -0.996085,  -0.153941,  0.040229,  -0.987261,  -0.058,  -0.020,  550.3,  555.1,  566.6,  578.0,  582.7,  578.8,  566.5,  555.0,  538.4,  544.7,  554.1,  566.5,  579.0,  588.4,  594.5,  587.5,  576.5,  564.3,  553.6,  544.4,  561.8,  566.7,  571.6,  573.6,  571.6,  566.7,  561.9,  559.8,  707.7,  712.4,  724.8,  737.7,  743.4,  738.7,  726.3,  712.4,  698.3,  705.9,  716.3,  729.3,  741.2,  750.2,  756.6,  750.8,  742.6,  732.1,  719.5,  707.6,  719.2,  725.4,  731.4,  733.6,  730.8,  724.6,  718.7,  716.4,  344.5,  333.5,  328.8,  332.9,  343.6,  355.5,  359.3,  355.1,  352.5,  345.4,  340.8,  338.2,  339.7,  344.1,  350.3,  354.2,  355.3,  356.4,  356.6,  355.8,  349.6,  351.4,  349.4,  344.7,  340.2,  338.4,  340.4,  345.1,  346.5,  334.1,  329.3,  335.0,  347.9,  360.3,  365.0,  360.4,  351.8,  344.4,  339.9,  338.4,  340.8,  345.4,  352.1,  354.3,  355.1,  355.3,  354.8,  354.3,  353.9,  356.6,  354.3,  348.4,  342.2,  339.5,  341.8,  347.7,  -33.7,  -32.1,  -27.8,  -23.4,  -21.5,  -22.9,  -27.4,  -31.8,  -38.6,  -36.0,  -32.3,  -27.6,  -22.9,  -19.4,  -17.1,  -19.7,  -23.7,  -28.2,  -32.3,  -36.0,  -29.4,  -27.5,  -25.7,  -25.0,  -25.8,  -27.7,  -29.5,  -30.2,  23.3,  25.1,  29.6,  34.1,  36.0,  34.1,  29.7,  24.9,  20.1,  22.7,  26.3,  30.8,  35.1,  38.5,  41.1,  38.7,  35.4,  31.6,  27.2,  23.2,  27.4,  29.5,  31.7,  32.5,  31.6,  29.5,  27.3,  26.5,  -5.8,  -10.0,  -11.8,  -10.2,  -6.1,  -1.7,  -0.3,  -1.8,  -2.9,  -5.5,  -7.2,  -8.2,  -7.6,  -6.0,  -3.7,  -2.2,  -1.7,  -1.4,  -1.3,  -1.6,  -3.9,  -3.2,  -4.0,  -5.7,  -7.5,  -8.1,  -7.4,  -5.6,  -4.7,  -9.0,  -10.7,  -8.7,  -4.2,  0.1,  1.7,  0.1,  -2.8,  -5.4,  -6.9,  -7.5,  -6.7,  -5.1,  -2.8,  -2.0,  -1.7,  -1.6,  -1.8,  -2.0,  -2.1,  -1.2,  -2.0,  -4.0,  -6.2,  -7.1,  -6.3,  -4.2,  329.2,  330.7,  331.0,  329.9,  328.2,  326.8,  326.4,  327.4,  332.2,  330.6,  328.8,  328.0,  328.3,  329.0,  329.8,  327.9,  326.1,  325.8,  327.3,  329.7,  328.9,  328.5,  328.6,  329.2,  330.0,  330.4,  330.3,  329.7,  301.4,  303.3,  304.9,  305.3,  304.2,  302.3,  300.7,  300.4,  301.1,  301.0,  301.2,  302.0,  303.6,  306.2,  308.4,  305.3,  302.2,  300.0,  299.4,  300.0,  302.4,  302.6,  303.4,  304.3,  304.8,  304.6,  303.8,  302.9,  2.6,  31.9,  341.4,  -0.202,  0.037,  0.009,  463.8,  464.9,  470.3,  479.7,  496.3,  523.0,  557.4,  597.7,  645.1,  692.4,  734.8,  771.8,  800.6,  817.4,  825.5,  831.9,  835.6,  498.4,  518.2,  546.2,  576.5,  606.0,  686.8,  719.7,  750.0,  778.3,  797.9,  646.5,  646.4,  646.0,  645.5,  611.2,  628.4,  645.8,  663.6,  680.1,  535.2,  554.6,  577.7,  596.7,  577.2,  554.5,  697.4,  716.6,  739.9,  759.0,  741.1,  718.7,  581.7,  605.3,  629.0,  645.7,  664.2,  690.1,  713.1,  690.8,  666.1,  646.2,  627.7,  604.8,  592.9,  628.4,  645.6,  664.4,  702.5,  664.3,  645.4,  628.1,  375.0,  421.6,  467.8,  511.2,  548.8,  580.9,  603.6,  621.7,  629.0,  627.9,  615.5,  593.6,  560.7,  517.0,  467.9,  417.4,  367.7,  325.1,  303.0,  292.9,  292.9,  297.0,  296.9,  290.9,  291.2,  300.6,  320.4,  337.4,  365.3,  392.7,  421.1,  448.9,  454.2,  458.5,  454.2,  449.9,  352.4,  340.4,  339.2,  350.7,  355.9,  357.2,  350.9,  338.7,  340.3,  351.5,  356.6,  355.9,  518.1,  498.8,  490.3,  494.4,  490.5,  501.2,  518.2,  533.4,  538.7,  539.5,  537.9,  531.7,  517.2,  509.6,  510.6,  509.4,  517.6,  513.1,  513.7,  512.2,  -81.1,  -80.2,  -77.6,  -72.8,  -64.0,  -50.5,  -34.1,  -16.7,  2.0,  20.9,  39.7,  57.1,  71.2,  79.2,  82.7,  85.4,  87.5,  -59.9,  -50.8,  -38.5,  -25.7,  -13.5,  18.5,  31.9,  44.5,  56.2,  64.6,  2.6,  2.4,  2.2,  2.0,  -11.0,  -4.4,  2.2,  8.9,  15.2,  -43.2,  -34.9,  -25.4,  -17.6,  -25.5,  -34.8,  23.1,  30.8,  40.2,  48.2,  40.6,  31.6,  -23.0,  -13.2,  -4.1,  2.1,  9.1,  19.1,  28.5,  19.2,  9.7,  2.3,  -4.6,  -13.4,  -18.4,  -4.4,  2.1,  9.2,  24.2,  9.1,  2.0,  -4.5,  6.9,  28.2,  49.3,  68.6,  84.0,  95.4,  100.6,  103.5,  105.4,  107.1,  107.1,  101.3,  88.9,  70.1,  48.1,  25.5,  3.5,  -14.8,  -23.8,  -27.6,  -27.1,  -25.0,  -24.9,  -27.7,  -27.8,  -24.2,  -16.2,  -8.8,  2.0,  12.3,  22.4,  33.9,  35.7,  37.1,  35.6,  34.1,  -3.1,  -8.0,  -8.4,  -3.8,  -1.6,  -1.1,  -3.7,  -8.5,  -7.9,  -3.4,  -1.4,  -1.6,  62.4,  53.0,  49.0,  50.3,  48.8,  53.7,  61.8,  65.7,  66.5,  66.7,  66.5,  65.4,  61.6,  56.5,  56.6,  56.1,  61.1,  57.3,  57.5,  57.3,  402.9,  400.8,  400.0,  397.0,  389.5,  378.1,  361.5,  346.1,  342.7,  349.9,  366.6,  379.4,  387.8,  390.7,  389.9,  389.3,  391.6,  370.3,  364.5,  359.6,  353.5,  346.9,  346.0,  350.5,  354.2,  355.9,  358.1,  342.5,  335.4,  327.6,  320.4,  333.8,  331.2,  329.3,  330.6,  332.2,  360.7,  357.8,  356.2,  354.9,  354.5,  356.3,  352.6,  351.8,  352.3,  354.5,  351.3,  351.1,  345.2,  333.8,  328.9,  327.1,  327.1,  332.8,  341.7,  331.5,  325.6,  325.1,  327.1,  333.5,  342.6,  330.3,  328.7,  328.6,  339.2,  327.5,  327.3,  329.3,  2.490,  -0.068,  0.044,  0.007,  647.128,  444.218,  -3.129,  -3.243,  -18.282,  -11.089,  -6.070,  -0.402,  -0.312,  2.011,  4.791,  -3.064,  -6.373,  -5.668,  10.376,  -4.976,  0.778,  1.095,  3.723,  -0.795,  -0.363,  -4.954,  1.715,  0.347,  1.103,  0.402,  -0.708,  1.695,  -1.135,  -0.333,  -0.416,  -0.586,  0.460,  -0.854,  -0.096,  0.456, 0.30, 0.00, 0.00, 0.00, 0.00, 0.26, 0.00, 0.00, 0.00, 0.00, 0.00, 0.59, 0.00, 0.02, 0.00, 0.00, 0.00, 0.00, 0.00, 0.00, 1.00, 0.00, 0.00, 0.00, 0.00, 0.00, 0.00, 0.00, 0.00, 0.00, 0.00, 0.00, 0.00, 0.00, 0.00
